[
    {
        "class": "Car",
        "extent": [
            1.5107464790344238,
            4.901683330535889,
            2.128324270248413
        ],
        "position": [
            -1.3,
            0.0,
            -2.5
        ],
        "yaw": 0,
        "num_points": -1,
        "distance": -1,
        "speed": 1.0526993919608514,
        "brake": 0.0,
        "id": 14985,
        "ego_matrix": [
            [
                0.9990079402923584,
                -0.044512808322906494,
                -0.0013160683447495103,
                282.4418640136719
            ],
            [
                0.0445064976811409,
                0.9989989995956421,
                -0.004488647449761629,
                41.900604248046875
            ],
            [
                0.0015145533252507448,
                0.004425621125847101,
                0.9999890923500061,
                0.032665517181158066
            ],
            [
                0.0,
                0.0,
                0.0,
                1.0
            ]
        ]
    },
    {
        "class": "Car",
        "extent": [
            1.5470870733261108,
            3.705369472503662,
            1.7886788845062256
        ],
        "position": [
            -40.55049882431959,
            -5.200484620036669,
            -2.507401050414254
        ],
        "yaw": -0.04501926919796361,
        "num_points": 0,
        "distance": 40.959431822377624,
        "speed": 1.197925571471936,
        "brake": 0.0,
        "id": 15016,
        "ego_matrix": [
            [
                0.9999774694442749,
                0.0004906832473352551,
                -0.006698262877762318,
                242.9988250732422
            ],
            [
                -0.0004979998338967562,
                0.9999992847442627,
                -0.0010906903771683574,
                45.34901428222656
            ],
            [
                0.006697723176330328,
                0.001094001461751759,
                0.9999769926071167,
                -0.011167049407958984
            ],
            [
                0.0,
                0.0,
                0.0,
                1.0
            ]
        ]
    },
    {
        "class": "Car",
        "extent": [
            1.4106584787368774,
            5.357479572296143,
            2.033203125
        ],
        "position": [
            -21.43325813573286,
            -0.8450518683876639,
            -2.516511993822017
        ],
        "yaw": -0.045012345044147986,
        "num_points": 18,
        "distance": 21.597025248590935,
        "speed": 1.6035564395703275,
        "brake": 0.0,
        "id": 15060,
        "ego_matrix": [
            [
                0.9999889731407166,
                0.0004910843563266098,
                -0.004674059338867664,
                262.2909851074219
            ],
            [
                -0.0004910815041512251,
                0.9999998807907104,
                1.7627371562412009e-06,
                41.84882354736328
            ],
            [
                0.004674059338867664,
                5.326262453309027e-07,
                0.9999890923500061,
                -0.010599307715892792
            ],
            [
                0.0,
                0.0,
                0.0,
                1.0
            ]
        ]
    },
    {
        "class": "Car",
        "extent": [
            1.2765706777572632,
            2.3557403087615967,
            0.7636788487434387
        ],
        "position": [
            -40.714267094340265,
            -1.7040516340508263,
            -2.510941633578602
        ],
        "yaw": -0.045005420857823074,
        "num_points": 0,
        "distance": 40.82719883714811,
        "speed": 1.2244292687116083,
        "brake": 0.0,
        "id": 15173,
        "ego_matrix": [
            [
                0.9999818205833435,
                0.000484258693177253,
                0.006011798046529293,
                242.99085998535156
            ],
            [
                -0.0004841538902837783,
                0.9999998807907104,
                -1.8889657440013252e-05,
                41.84880828857422
            ],
            [
                -0.006011806894093752,
                1.597867776581552e-05,
                0.9999819397926331,
                -0.03042951598763466
            ],
            [
                0.0,
                0.0,
                0.0,
                1.0
            ]
        ]
    }
]