[
    {
        "class": "Car",
        "extent": [
            1.5107464790344238,
            4.901683330535889,
            2.128324270248413
        ],
        "position": [
            -1.3,
            0.0,
            -2.5
        ],
        "yaw": 0,
        "num_points": -1,
        "distance": -1,
        "speed": 3.004438237022248,
        "brake": 0.0,
        "id": 14985,
        "ego_matrix": [
            [
                0.8516156673431396,
                -0.5241568088531494,
                0.0032419515773653984,
                283.28558349609375
            ],
            [
                0.5241663455963135,
                0.8515903949737549,
                -0.006597395520657301,
                42.86662673950195
            ],
            [
                0.0006972550181671977,
                0.007317767012864351,
                0.9999729990959167,
                0.03307025879621506
            ],
            [
                0.0,
                0.0,
                0.0,
                1.0
            ]
        ]
    },
    {
        "class": "Car",
        "extent": [
            1.5470870733261108,
            3.705369472503662,
            1.7886788845062256
        ],
        "position": [
            -32.97205548047745,
            -22.4072972482876,
            -2.6866083977529933
        ],
        "yaw": -0.5522718658896959,
        "num_points": 0,
        "distance": 39.95574148058921,
        "speed": 4.164683696412216,
        "brake": 0.0,
        "id": 15016,
        "ego_matrix": [
            [
                0.9999709129333496,
                0.0005276224110275507,
                -0.007615587208420038,
                244.567626953125
            ],
            [
                -0.0005358124617487192,
                0.9999992847442627,
                -0.001073434017598629,
                45.348270416259766
            ],
            [
                0.007615015376359224,
                0.0010774832917377353,
                0.9999704360961914,
                -0.011645221151411533
            ],
            [
                0.0,
                0.0,
                0.0,
                1.0
            ]
        ]
    },
    {
        "class": "Car",
        "extent": [
            1.4106584787368774,
            5.357479572296143,
            2.033203125
        ],
        "position": [
            -18.17189902992456,
            -9.18791585858777,
            -2.598957360232292
        ],
        "yaw": -0.5522271247508732,
        "num_points": 13,
        "distance": 20.527793148279905,
        "speed": 4.318944847092747,
        "brake": 0.0,
        "id": 15060,
        "ego_matrix": [
            [
                0.9999904036521912,
                0.0004910845309495926,
                -0.004348979331552982,
                264.1009826660156
            ],
            [
                -0.000491082202643156,
                0.9999998807907104,
                1.6030945744205383e-06,
                41.847938537597656
            ],
            [
                0.004348979331552982,
                5.326270411387668e-07,
                0.9999905228614807,
                -0.010413417592644691
            ],
            [
                0.0,
                0.0,
                0.0,
                1.0
            ]
        ]
    },
    {
        "class": "Car",
        "extent": [
            1.2765706777572632,
            2.3557403087615967,
            0.7636788487434387
        ],
        "position": [
            -34.58804722443381,
            -19.29171503915496,
            -2.681421982237496
        ],
        "yaw": -0.5521893079284127,
        "num_points": 1,
        "distance": 39.69500351175759,
        "speed": 4.586071933301247,
        "brake": 0.0,
        "id": 15173,
        "ego_matrix": [
            [
                0.9999842643737793,
                0.0004533116880338639,
                0.0055930279195308685,
                244.82449340820312
            ],
            [
                -0.0004532629100140184,
                0.9999998807907104,
                -9.992002560466062e-06,
                41.84798812866211
            ],
            [
                -0.005593031644821167,
                7.456733783328673e-06,
                0.9999843835830688,
                -0.030384806916117668
            ],
            [
                0.0,
                0.0,
                0.0,
                1.0
            ]
        ]
    }
]