[
    {
        "class": "Car",
        "extent": [
            1.5107464790344238,
            4.901683330535889,
            2.128324270248413
        ],
        "position": [
            -1.3,
            0.0,
            -2.5
        ],
        "yaw": 0,
        "num_points": -1,
        "distance": -1,
        "speed": 4.6443533785642215,
        "brake": 0.0,
        "id": 14985,
        "ego_matrix": [
            [
                0.6146709322929382,
                -0.7887783050537109,
                -0.002894861623644829,
                284.45391845703125
            ],
            [
                0.7887834906578064,
                0.6146686673164368,
                0.0017190498765558004,
                44.738582611083984
            ],
            [
                0.00042343136738054454,
                -0.0033400689717382193,
                0.9999942779541016,
                0.03320762515068054
            ],
            [
                0.0,
                0.0,
                0.0,
                1.0
            ]
        ]
    },
    {
        "class": "Car",
        "extent": [
            1.5470870733261108,
            3.705369472503662,
            1.7886788845062256
        ],
        "position": [
            -23.986560009422103,
            -30.102707056955666,
            -2.4316302559880976
        ],
        "yaw": -0.9093580588404029,
        "num_points": 0,
        "distance": 38.567354834682824,
        "speed": 4.5321530185261665,
        "brake": 0.0,
        "id": 15016,
        "ego_matrix": [
            [
                0.9999986886978149,
                0.0005287844687700272,
                -0.0015554307028651237,
                246.76458740234375
            ],
            [
                -0.0005305008962750435,
                0.9999992847442627,
                -0.0011033214395865798,
                45.34710693359375
            ],
            [
                0.0015548460651189089,
                0.0011041450779885054,
                0.9999982118606567,
                -0.008574351668357849
            ],
            [
                0.0,
                0.0,
                0.0,
                1.0
            ]
        ]
    },
    {
        "class": "Car",
        "extent": [
            1.4106584787368774,
            5.357479572296143,
            2.033203125
        ],
        "position": [
            -14.713613925444982,
            -12.508627250206985,
            -2.493804361490162
        ],
        "yaw": -0.9093186441863069,
        "num_points": 23,
        "distance": 19.47242282370267,
        "speed": 4.5950437881619095,
        "brake": 0.0,
        "id": 15060,
        "ego_matrix": [
            [
                0.9999997615814209,
                0.0004910866846330464,
                -0.0004295112448744476,
                266.3424072265625
            ],
            [
                -0.0004910868592560291,
                0.9999998807907104,
                -3.217047890302638e-07,
                41.84681701660156
            ],
            [
                0.0004295110411476344,
                5.326320433596266e-07,
                0.9999998807907104,
                -0.008056201972067356
            ],
            [
                0.0,
                0.0,
                0.0,
                1.0
            ]
        ]
    },
    {
        "class": "Car",
        "extent": [
            1.2765706777572632,
            2.3557403087615967,
            0.7636788487434387
        ],
        "position": [
            -26.5654986244314,
            -27.717891119868543,
            -2.46004442779867
        ],
        "yaw": -0.909262185138688,
        "num_points": 0,
        "distance": 38.471535242102014,
        "speed": 4.444885167007484,
        "brake": 0.0,
        "id": 15173,
        "ego_matrix": [
            [
                0.9999948143959045,
                0.00043464478221721947,
                0.003178230719640851,
                247.06056213378906
            ],
            [
                -0.00043462563189677894,
                0.9999998807907104,
                -6.70766939947498e-06,
                41.846961975097656
            ],
            [
                -0.003178233513608575,
                5.3262942856235895e-06,
                0.9999949336051941,
                -0.0301149170845747
            ],
            [
                0.0,
                0.0,
                0.0,
                1.0
            ]
        ]
    }
]