[
    {
        "class": "Car",
        "extent": [
            1.5107464790344238,
            4.901683330535889,
            2.128324270248413
        ],
        "position": [
            -1.3,
            0.0,
            -2.5
        ],
        "yaw": 0,
        "num_points": -1,
        "distance": -1,
        "speed": 3.8853421049065524,
        "brake": 0.0,
        "id": 14985,
        "ego_matrix": [
            [
                0.9554729461669922,
                -0.2950751483440399,
                -0.0014704263303428888,
                287.81683349609375
            ],
            [
                0.2950787842273712,
                0.9554589986801147,
                0.005167689174413681,
                46.44925308227539
            ],
            [
                -0.00011992453801212832,
                -0.0053714788518846035,
                0.9999855756759644,
                0.03347538039088249
            ],
            [
                0.0,
                0.0,
                0.0,
                1.0
            ]
        ]
    },
    {
        "class": "Car",
        "extent": [
            1.5470870733261108,
            3.705369472503662,
            1.7886788845062256
        ],
        "position": [
            -36.476222359353045,
            -9.707614229316404,
            -2.4942001203420268
        ],
        "yaw": -0.3000381198323967,
        "num_points": 0,
        "distance": 37.828211772095536,
        "speed": 4.7793686859506295,
        "brake": 0.0,
        "id": 15016,
        "ego_matrix": [
            [
                0.9999984502792358,
                0.0004982606624253094,
                -0.001704527297988534,
                251.34242248535156
            ],
            [
                -0.0005001407698728144,
                0.9999992847442627,
                -0.0011027612490579486,
                45.34475326538086
            ],
            [
                0.0017039766535162926,
                0.0011036120122298598,
                0.9999979734420776,
                -0.008650570176541805
            ],
            [
                0.0,
                0.0,
                0.0,
                1.0
            ]
        ]
    },
    {
        "class": "Car",
        "extent": [
            1.4106584787368774,
            5.357479572296143,
            2.033203125
        ],
        "position": [
            -18.72067353671943,
            -0.5608837710409545,
            -2.5404123299862618
        ],
        "yaw": -0.30002906518221834,
        "num_points": 21,
        "distance": 18.9005794376625,
        "speed": 4.6935363498408975,
        "brake": 0.0,
        "id": 15060,
        "ego_matrix": [
            [
                0.9999998807907104,
                0.0004910868010483682,
                -0.00010132813622476533,
                271.00640869140625
            ],
            [
                -0.0004910868592560291,
                0.9999998807907104,
                -4.828712008020375e-07,
                41.84447479248047
            ],
            [
                0.00010132788884220645,
                5.326320433596266e-07,
                1.0,
                -0.007859974168241024
            ],
            [
                0.0,
                0.0,
                0.0,
                1.0
            ]
        ]
    },
    {
        "class": "Car",
        "extent": [
            1.2765706777572632,
            2.3557403087615967,
            0.7636788487434387
        ],
        "position": [
            -37.37816099159643,
            -6.323681050871662,
            -2.5339581702818768
        ],
        "yaw": -0.29993638720879284,
        "num_points": 0,
        "distance": 37.993904842166366,
        "speed": 4.445601818049388,
        "brake": 0.0,
        "id": 15173,
        "ego_matrix": [
            [
                0.999994695186615,
                0.0003984261129517108,
                0.0032416500616818666,
                251.47921752929688
            ],
            [
                -0.0003984067589044571,
                0.9999999403953552,
                -6.617824510612991e-06,
                41.84519577026367
            ],
            [
                -0.003241652389988303,
                5.3262942856235895e-06,
                0.9999947547912598,
                -0.030123157426714897
            ],
            [
                0.0,
                0.0,
                0.0,
                1.0
            ]
        ]
    }
]