[
    {
        "class": "Car",
        "extent": [
            1.5107464790344238,
            4.901683330535889,
            2.128324270248413
        ],
        "position": [
            -1.3,
            0.0,
            -2.5
        ],
        "yaw": 0,
        "num_points": -1,
        "distance": -1,
        "speed": 3.6919756788956555,
        "brake": 0.0,
        "id": 14985,
        "ego_matrix": [
            [
                0.9992331862449646,
                -0.03915196284651756,
                0.0003055198467336595,
                297.7658996582031
            ],
            [
                0.039152197539806366,
                0.9992328882217407,
                -0.0008035814971663058,
                44.99174880981445
            ],
            [
                -0.0002738237089943141,
                0.0008149271016009152,
                0.9999995827674866,
                0.033553771674633026
            ],
            [
                0.0,
                0.0,
                0.0,
                1.0
            ]
        ]
    },
    {
        "class": "Car",
        "extent": [
            1.5470870733261108,
            3.705369472503662,
            1.7886788845062256
        ],
        "position": [
            -35.342589766944926,
            -1.6814554157438255,
            -2.553417149366243
        ],
        "yaw": -0.03962720032592168,
        "num_points": 0,
        "distance": 35.47458079933253,
        "speed": 5.68244661331409,
        "brake": 0.0,
        "id": 15016,
        "ego_matrix": [
            [
                0.9999901056289673,
                0.00046015690895728767,
                -0.004420293960720301,
                263.6835632324219
            ],
            [
                -0.00046498331357724965,
                0.9999992847442627,
                -0.0010909055126830935,
                45.339115142822266
            ],
            [
                0.004419789183884859,
                0.00109295011498034,
                0.9999896287918091,
                -0.00917142815887928
            ],
            [
                0.0,
                0.0,
                0.0,
                1.0
            ]
        ]
    },
    {
        "class": "Car",
        "extent": [
            1.4106584787368774,
            5.357479572296143,
            2.033203125
        ],
        "position": [
            -16.408035305800837,
            2.5636218144010128,
            -2.543441886934125
        ],
        "yaw": -0.03965329927209516,
        "num_points": 29,
        "distance": 16.800740341898344,
        "speed": 4.7124539204084845,
        "brake": 0.0,
        "id": 15060,
        "ego_matrix": [
            [
                0.9999998807907104,
                0.0004910868010483682,
                -8.332754077855498e-05,
                282.7698059082031
            ],
            [
                -0.0004910868592560291,
                0.9999998807907104,
                -4.917110913993383e-07,
                41.83861541748047
            ],
            [
                8.332728612003848e-05,
                5.326321002030454e-07,
                1.0,
                -0.00784032791852951
            ],
            [
                0.0,
                0.0,
                0.0,
                1.0
            ]
        ]
    },
    {
        "class": "Car",
        "extent": [
            1.2765706777572632,
            2.3557403087615967,
            0.7636788487434387
        ],
        "position": [
            -36.04292246697859,
            1.7919035325538346,
            -2.5709740063849464
        ],
        "yaw": -0.03950576018021407,
        "num_points": 1,
        "distance": 36.17890387466314,
        "speed": 5.332877286677533,
        "brake": 0.0,
        "id": 15173,
        "ego_matrix": [
            [
                0.9999899864196777,
                0.00034357153344899416,
                0.004464966244995594,
                263.1197509765625
            ],
            [
                -0.00034354435047134757,
                0.9999999403953552,
                -6.8602512328652665e-06,
                41.84101486206055
            ],
            [
                -0.0044649685733020306,
                5.326268365024589e-06,
                0.9999900460243225,
                -0.029367046430706978
            ],
            [
                0.0,
                0.0,
                0.0,
                1.0
            ]
        ]
    }
]