[
    {
        "class": "Car",
        "extent": [
            1.5107464790344238,
            4.901683330535889,
            2.128324270248413
        ],
        "position": [
            -1.3,
            0.0,
            -2.5
        ],
        "yaw": 0,
        "num_points": -1,
        "distance": -1,
        "speed": 3.8678568323444393,
        "brake": 0.0,
        "id": 14985,
        "ego_matrix": [
            [
                0.995154857635498,
                -0.09831894189119339,
                -0.0005117616383358836,
                299.527587890625
            ],
            [
                0.09831899404525757,
                0.9951549768447876,
                8.265280484920368e-05,
                45.20214080810547
            ],
            [
                0.0005011557950638235,
                -0.00013256822421681136,
                0.9999998807907104,
                0.03316791355609894
            ],
            [
                0.0,
                0.0,
                0.0,
                1.0
            ]
        ]
    },
    {
        "class": "Car",
        "extent": [
            1.5470870733261108,
            3.705369472503662,
            1.7886788845062256
        ],
        "position": [
            -33.739598032817725,
            -3.3410976012538285,
            -2.526734749811229
        ],
        "yaw": -0.09900541033616746,
        "num_points": 0,
        "distance": 33.99864404786057,
        "speed": 7.251192408994659,
        "brake": 0.0,
        "id": 15016,
        "ego_matrix": [
            [
                0.9999827742576599,
                0.0005209676455706358,
                -0.005847868975251913,
                266.91668701171875
            ],
            [
                -0.0005272968555800617,
                0.9999992847442627,
                -0.001080822665244341,
                45.33761978149414
            ],
            [
                0.005847301334142685,
                0.0010838875314220786,
                0.9999822974205017,
                -0.010267047211527824
            ],
            [
                0.0,
                0.0,
                0.0,
                1.0
            ]
        ]
    },
    {
        "class": "Car",
        "extent": [
            1.4106584787368774,
            5.357479572296143,
            2.033203125
        ],
        "position": [
            -15.961999464098723,
            1.9325038565624597,
            -2.5339164132030456
        ],
        "yaw": -0.09896919131283309,
        "num_points": 36,
        "distance": 16.27700004413026,
        "speed": 4.714929659231189,
        "brake": 0.0,
        "id": 15060,
        "ego_matrix": [
            [
                0.9999998807907104,
                0.0004910868010483682,
                -8.332754077855498e-05,
                285.12664794921875
            ],
            [
                -0.0004910868592560291,
                0.9999998807907104,
                -4.917110913993383e-07,
                41.83744430541992
            ],
            [
                8.332728612003848e-05,
                5.326321002030454e-07,
                1.0,
                -0.007840251550078392
            ],
            [
                0.0,
                0.0,
                0.0,
                1.0
            ]
        ]
    },
    {
        "class": "Car",
        "extent": [
            1.2765706777572632,
            2.3557403087615967,
            0.7636788487434387
        ],
        "position": [
            -34.78241818251405,
            0.07051329806340906,
            -2.5462385366700957
        ],
        "yaw": -0.0988157932665538,
        "num_points": 1,
        "distance": 34.875563327839046,
        "speed": 6.8228789899476,
        "brake": 0.0,
        "id": 15173,
        "ego_matrix": [
            [
                0.9999872446060181,
                0.00033771563903428614,
                0.005040263757109642,
                266.21435546875
            ],
            [
                -0.0003376845270395279,
                0.9999999403953552,
                -7.028363143035676e-06,
                41.84000778198242
            ],
            [
                -0.005040266085416079,
                5.3262542678567115e-06,
                0.9999873042106628,
                -0.02984117530286312
            ],
            [
                0.0,
                0.0,
                0.0,
                1.0
            ]
        ]
    }
]