[
    {
        "class": "Car",
        "extent": [
            1.5107464790344238,
            4.901683330535889,
            2.128324270248413
        ],
        "position": [
            -1.3,
            0.0,
            -2.5
        ],
        "yaw": 0,
        "num_points": -1,
        "distance": -1,
        "speed": 3.7920139771684176,
        "brake": 0.0,
        "id": 14985,
        "ego_matrix": [
            [
                0.9957976937294006,
                -0.09157995879650116,
                0.0002885836292989552,
                301.5398254394531
            ],
            [
                0.09157972037792206,
                0.9957975149154663,
                0.000751545128878206,
                45.39681625366211
            ],
            [
                -0.0003561973280739039,
                -0.0007219584658741951,
                0.9999997019767761,
                0.033594511449337006
            ],
            [
                0.0,
                0.0,
                0.0,
                1.0
            ]
        ]
    },
    {
        "class": "Car",
        "extent": [
            1.5470870733261108,
            3.705369472503662,
            1.7886788845062256
        ],
        "position": [
            -31.78379286239878,
            -2.7419347976982906,
            -2.5526693442948902
        ],
        "yaw": -0.09230583749479733,
        "num_points": 8,
        "distance": 32.00380939725775,
        "speed": 8.776596574576581,
        "brake": 0.0,
        "id": 15016,
        "ego_matrix": [
            [
                0.999983549118042,
                0.0005914279026910663,
                -0.0057096634991467,
                270.9330139160156
            ],
            [
                -0.0005976035608910024,
                0.9999992251396179,
                -0.0010799616575241089,
                45.33549118041992
            ],
            [
                0.005709020420908928,
                0.0010833560954779387,
                0.9999831318855286,
                -0.010196132585406303
            ],
            [
                0.0,
                0.0,
                0.0,
                1.0
            ]
        ]
    },
    {
        "class": "Car",
        "extent": [
            1.4106584787368774,
            5.357479572296143,
            2.033203125
        ],
        "position": [
            -15.622048849485022,
            2.258388777263209,
            -2.5481667560381336
        ],
        "yaw": -0.09219931098617558,
        "num_points": 39,
        "distance": 15.988804956642088,
        "speed": 4.717405397981723,
        "brake": 0.0,
        "id": 15060,
        "ego_matrix": [
            [
                0.9999998807907104,
                0.0004910868010483682,
                -8.332754077855498e-05,
                287.4847717285156
            ],
            [
                -0.0004910868592560291,
                0.9999998807907104,
                -4.917110913993383e-07,
                41.836273193359375
            ],
            [
                8.332728612003848e-05,
                5.326321002030454e-07,
                1.0,
                -0.007840289734303951
            ],
            [
                0.0,
                0.0,
                0.0,
                1.0
            ]
        ]
    },
    {
        "class": "Car",
        "extent": [
            1.2765706777572632,
            2.3557403087615967,
            0.7636788487434387
        ],
        "position": [
            -33.23391442567752,
            0.6360976775398528,
            -2.575005363624939
        ],
        "yaw": -0.09204218451437018,
        "num_points": 1,
        "distance": 33.339591193224386,
        "speed": 6.900113858925857,
        "brake": 0.0,
        "id": 15173,
        "ego_matrix": [
            [
                0.9999967217445374,
                0.0003339738177601248,
                0.002525682095438242,
                269.79833984375
            ],
            [
                -0.0003339592949487269,
                0.9999999403953552,
                -6.169800144562032e-06,
                41.838836669921875
            ],
            [
                -0.002525684190914035,
                5.32630474481266e-06,
                0.9999967813491821,
                -0.02957681566476822
            ],
            [
                0.0,
                0.0,
                0.0,
                1.0
            ]
        ]
    }
]