[
    {
        "class": "Car",
        "extent": [
            1.5107464790344238,
            4.901683330535889,
            2.128324270248413
        ],
        "position": [
            -1.3,
            0.0,
            -2.5
        ],
        "yaw": 0,
        "num_points": -1,
        "distance": -1,
        "speed": 4.1577797172885544,
        "brake": 0.0,
        "id": 14985,
        "ego_matrix": [
            [
                0.9990670084953308,
                -0.04318378493189812,
                -0.0005763481021858752,
                303.4633483886719
            ],
            [
                0.04318421706557274,
                0.9990668296813965,
                0.0007570611196570098,
                45.46649169921875
            ],
            [
                0.0005431175231933594,
                -0.0007812438998371363,
                0.9999995827674866,
                0.033146895468235016
            ],
            [
                0.0,
                0.0,
                0.0,
                1.0
            ]
        ]
    },
    {
        "class": "Car",
        "extent": [
            1.5470870733261108,
            3.705369472503662,
            1.7886788845062256
        ],
        "position": [
            -29.12150061733097,
            -1.0686350827329072,
            -2.5254283806048297
        ],
        "yaw": -0.04383894378429146,
        "num_points": 0,
        "distance": 29.250325940933035,
        "speed": 9.563148131982452,
        "brake": 0.0,
        "id": 15016,
        "ego_matrix": [
            [
                0.999998152256012,
                0.0006393034709617496,
                -0.0018117278814315796,
                275.6216735839844
            ],
            [
                -0.0006412880029529333,
                0.9999992251396179,
                -0.0010949951829388738,
                45.33266067504883
            ],
            [
                0.0018110263627022505,
                0.0010961549123749137,
                0.9999977350234985,
                -0.00822668056935072
            ],
            [
                0.0,
                0.0,
                0.0,
                1.0
            ]
        ]
    },
    {
        "class": "Car",
        "extent": [
            1.4106584787368774,
            5.357479572296143,
            2.033203125
        ],
        "position": [
            -15.063366692915578,
            3.0398427097614187,
            -2.535886936260499
        ],
        "yaw": -0.043688741498810996,
        "num_points": 25,
        "distance": 15.574863799687773,
        "speed": 4.719868737575211,
        "brake": 0.0,
        "id": 15060,
        "ego_matrix": [
            [
                0.9999998807907104,
                0.0004910868010483682,
                -8.332754077855498e-05,
                289.8441162109375
            ],
            [
                -0.0004910868592560291,
                0.9999998807907104,
                -4.917110913993383e-07,
                41.83509826660156
            ],
            [
                8.332728612003848e-05,
                5.326321002030454e-07,
                1.0,
                -0.007840289734303951
            ],
            [
                0.0,
                0.0,
                0.0,
                1.0
            ]
        ]
    },
    {
        "class": "Car",
        "extent": [
            1.2765706777572632,
            2.3557403087615967,
            0.7636788487434387
        ],
        "position": [
            -31.72159556682235,
            2.317112500051763,
            -2.547982434976478
        ],
        "yaw": -0.04352682133704347,
        "num_points": 0,
        "distance": 31.90800605070596,
        "speed": 6.397730727936025,
        "brake": 0.0,
        "id": 15173,
        "ego_matrix": [
            [
                0.9999974370002747,
                0.0003291786415502429,
                0.002248163800686598,
                273.17022705078125
            ],
            [
                -0.0003291658649686724,
                0.9999999403953552,
                -6.066341939003905e-06,
                41.837772369384766
            ],
            [
                -0.0022481658961623907,
                5.326307928044116e-06,
                0.9999974966049194,
                -0.029547786340117455
            ],
            [
                0.0,
                0.0,
                0.0,
                1.0
            ]
        ]
    }
]