[
    {
        "class": "Car",
        "extent": [
            1.5107464790344238,
            4.901683330535889,
            2.128324270248413
        ],
        "position": [
            -1.3,
            0.0,
            -2.5
        ],
        "yaw": 0,
        "num_points": -1,
        "distance": -1,
        "speed": 3.7222992509787773,
        "brake": 0.0,
        "id": 14985,
        "ego_matrix": [
            [
                0.9999905228614807,
                0.00434457091614604,
                0.0003251672605983913,
                305.41314697265625
            ],
            [
                -0.004344666376709938,
                0.9999905228614807,
                0.000292909680865705,
                45.44004440307617
            ],
            [
                -0.0003238916106056422,
                -0.0002943196159321815,
                0.9999998807907104,
                0.033578451722860336
            ],
            [
                0.0,
                0.0,
                0.0,
                1.0
            ]
        ]
    },
    {
        "class": "Car",
        "extent": [
            1.5470870733261108,
            3.705369472503662,
            1.7886788845062256
        ],
        "position": [
            -26.28010486413734,
            0.21889952418716857,
            -2.550690046093731
        ],
        "yaw": 0.0036906080534645763,
        "num_points": 0,
        "distance": 26.40450431996378,
        "speed": 9.969040323001009,
        "brake": 0.0,
        "id": 15016,
        "ego_matrix": [
            [
                0.9999944567680359,
                0.0006504982593469322,
                -0.003260963363572955,
                280.43231201171875
            ],
            [
                -0.000654068891890347,
                0.9999991655349731,
                -0.0010940241627395153,
                45.32966232299805
            ],
            [
                0.003260249039158225,
                0.0010961509542539716,
                0.9999940991401672,
                -0.00895631778985262
            ],
            [
                0.0,
                0.0,
                0.0,
                1.0
            ]
        ]
    },
    {
        "class": "Car",
        "extent": [
            1.4106584787368774,
            5.357479572296143,
            2.033203125
        ],
        "position": [
            -14.492629072296058,
            3.6634596799676418,
            -2.5467699931184757
        ],
        "yaw": 0.003853593642214588,
        "num_points": 35,
        "distance": 15.163880494509254,
        "speed": 4.7223273096129335,
        "brake": 0.0,
        "id": 15060,
        "ego_matrix": [
            [
                0.9999998807907104,
                0.0004910868010483682,
                -8.332754077855498e-05,
                292.2047119140625
            ],
            [
                -0.0004910868592560291,
                0.9999998807907104,
                -4.917110913993383e-07,
                41.83392333984375
            ],
            [
                8.332728612003848e-05,
                5.326321002030454e-07,
                1.0,
                -0.00784032791852951
            ],
            [
                0.0,
                0.0,
                0.0,
                1.0
            ]
        ]
    },
    {
        "class": "Car",
        "extent": [
            1.2765706777572632,
            2.3557403087615967,
            0.7636788487434387
        ],
        "position": [
            -30.457449080673676,
            3.7299379851250256,
            -2.5735918258320134
        ],
        "yaw": 0.004019242229508226,
        "num_points": 0,
        "distance": 30.792726686032495,
        "speed": 5.577593555547562,
        "brake": 0.0,
        "id": 15173,
        "ego_matrix": [
            [
                0.9999987483024597,
                0.00032544651185162365,
                0.0015526984352618456,
                276.23974609375
            ],
            [
                -0.000325437868013978,
                0.9999999403953552,
                -5.831629096064717e-06,
                41.83679962158203
            ],
            [
                -0.0015527002979069948,
                5.32631520400173e-06,
                0.9999988079071045,
                -0.02947172150015831
            ],
            [
                0.0,
                0.0,
                0.0,
                1.0
            ]
        ]
    }
]