[
    {
        "class": "Car",
        "extent": [
            1.5107464790344238,
            4.901683330535889,
            2.128324270248413
        ],
        "position": [
            -1.3,
            0.0,
            -2.5
        ],
        "yaw": 0,
        "num_points": -1,
        "distance": -1,
        "speed": 3.9636535722347315,
        "brake": 0.0,
        "id": 14985,
        "ego_matrix": [
            [
                0.9995151162147522,
                0.031136905774474144,
                2.2479056497104466e-05,
                307.4154968261719
            ],
            [
                -0.031136905774474144,
                0.9995151162147522,
                -1.3489642697095405e-05,
                45.36488342285156
            ],
            [
                -2.2888181774760596e-05,
                1.2783173588104546e-05,
                1.0,
                0.03342868760228157
            ],
            [
                0.0,
                0.0,
                0.0,
                1.0
            ]
        ]
    },
    {
        "class": "Car",
        "extent": [
            1.5470870733261108,
            3.705369472503662,
            1.7886788845062256
        ],
        "position": [
            -23.370859177487873,
            0.725984768828117,
            -2.5366370286395887
        ],
        "yaw": 0.03042181961857997,
        "num_points": 0,
        "distance": 23.519324820104956,
        "speed": 8.56671543620942,
        "brake": 0.0,
        "id": 15016,
        "ego_matrix": [
            [
                0.9999584555625916,
                0.000730369531083852,
                0.009090552106499672,
                285.3327331542969
            ],
            [
                -0.0007200890104286373,
                0.9999991059303284,
                -0.001134128775447607,
                45.32646942138672
            ],
            [
                -0.009091371670365334,
                0.0011275355936959386,
                0.9999580383300781,
                -0.002712459536269307
            ],
            [
                0.0,
                0.0,
                0.0,
                1.0
            ]
        ]
    },
    {
        "class": "Car",
        "extent": [
            1.4106584787368774,
            5.357479572296143,
            2.033203125
        ],
        "position": [
            -14.032788171376843,
            3.930497121363064,
            -2.541510239892235
        ],
        "yaw": 0.03065085160236395,
        "num_points": 41,
        "distance": 14.792809935345423,
        "speed": 4.724780636382728,
        "brake": 0.0,
        "id": 15060,
        "ego_matrix": [
            [
                0.9999998807907104,
                0.0004910868010483682,
                -8.332754077855498e-05,
                294.5664978027344
            ],
            [
                -0.0004910868592560291,
                0.9999998807907104,
                -4.917110913993383e-07,
                41.8327522277832
            ],
            [
                8.332728612003848e-05,
                5.326321002030454e-07,
                1.0,
                -0.00784036610275507
            ],
            [
                0.0,
                0.0,
                0.0,
                1.0
            ]
        ]
    },
    {
        "class": "Car",
        "extent": [
            1.2765706777572632,
            2.3557403087615967,
            0.7636788487434387
        ],
        "position": [
            -29.654001975917463,
            4.4139237362199335,
            -2.5635401822847674
        ],
        "yaw": 0.0308196959179471,
        "num_points": 1,
        "distance": 30.09010292775801,
        "speed": 4.9812518023829355,
        "brake": 0.0,
        "id": 15173,
        "ego_matrix": [
            [
                0.9999979734420776,
                0.00032225303584709764,
                0.0019733873195946217,
                278.93780517578125
            ],
            [
                -0.0003222418890800327,
                0.9999999403953552,
                -5.962231170997256e-06,
                41.83595657348633
            ],
            [
                -0.001973389182239771,
                5.326311111275572e-06,
                0.9999980330467224,
                -0.02951894700527191
            ],
            [
                0.0,
                0.0,
                0.0,
                1.0
            ]
        ]
    }
]