[
    {
        "class": "Car",
        "extent": [
            1.5107464790344238,
            4.901683330535889,
            2.128324270248413
        ],
        "position": [
            -1.3,
            0.0,
            -2.5
        ],
        "yaw": 0,
        "num_points": -1,
        "distance": -1,
        "speed": 4.051778226205308,
        "brake": 0.0,
        "id": 14985,
        "ego_matrix": [
            [
                0.9995172023773193,
                0.03106760047376156,
                -0.0004066444525960833,
                309.3210144042969
            ],
            [
                -0.031067701056599617,
                0.9995172023773193,
                -0.00023994999355636537,
                45.302059173583984
            ],
            [
                0.00039899349212646484,
                0.00025246766745112836,
                0.9999998807907104,
                0.03321880102157593
            ],
            [
                0.0,
                0.0,
                0.0,
                1.0
            ]
        ]
    },
    {
        "class": "Car",
        "extent": [
            1.5470870733261108,
            3.705369472503662,
            1.7886788845062256
        ],
        "position": [
            -21.55549605149112,
            0.607806701982235,
            -2.530640146478275
        ],
        "yaw": 0.03039839017280824,
        "num_points": 13,
        "distance": 21.71204685338974,
        "speed": 6.88754983850363,
        "brake": 0.0,
        "id": 15016,
        "ego_matrix": [
            [
                0.9999944567680359,
                0.0006779684918001294,
                0.0032637822441756725,
                289.0564270019531
            ],
            [
                -0.0006743086851201952,
                0.9999991059303284,
                -0.001122326124459505,
                45.32384490966797
            ],
            [
                -0.0032645403407514095,
                0.00112011912278831,
                0.9999940395355225,
                -0.005656604655086994
            ],
            [
                0.0,
                0.0,
                0.0,
                1.0
            ]
        ]
    },
    {
        "class": "Car",
        "extent": [
            1.4106584787368774,
            5.357479572296143,
            2.033203125
        ],
        "position": [
            -13.577693522862527,
            3.8537864195596696,
            -2.5351874946471193
        ],
        "yaw": 0.030581615655805694,
        "num_points": 53,
        "distance": 14.339895634256921,
        "speed": 4.72723014966795,
        "brake": 0.0,
        "id": 15060,
        "ego_matrix": [
            [
                0.9999998807907104,
                0.0004910868010483682,
                -8.332754077855498e-05,
                296.9295349121094
            ],
            [
                -0.0004910868592560291,
                0.9999998807907104,
                -4.917110913993383e-07,
                41.831581115722656
            ],
            [
                8.332728612003848e-05,
                5.326321002030454e-07,
                1.0,
                -0.00784036610275507
            ],
            [
                0.0,
                0.0,
                0.0,
                1.0
            ]
        ]
    },
    {
        "class": "Car",
        "extent": [
            1.2765706777572632,
            2.3557403087615967,
            0.7636788487434387
        ],
        "position": [
            -28.97662635559296,
            4.328816370798354,
            -2.5507307805931085
        ],
        "yaw": 0.030753123230006795,
        "num_points": 2,
        "distance": 29.409008035613876,
        "speed": 5.2331769567230815,
        "brake": 0.0,
        "id": 15173,
        "ego_matrix": [
            [
                0.999994158744812,
                0.0003195974277332425,
                0.0034089002292603254,
                281.5232849121094
            ],
            [
                -0.00031957743340171874,
                0.9999999403953552,
                -6.415736152121099e-06,
                41.8351936340332
            ],
            [
                -0.0034089020919054747,
                5.326291102392133e-06,
                0.9999942183494568,
                -0.02964765392243862
            ],
            [
                0.0,
                0.0,
                0.0,
                1.0
            ]
        ]
    }
]