[
    {
        "class": "Car",
        "extent": [
            1.5107464790344238,
            4.901683330535889,
            2.128324270248413
        ],
        "position": [
            -1.3,
            0.0,
            -2.5
        ],
        "yaw": 0,
        "num_points": -1,
        "distance": -1,
        "speed": 3.886179054757776,
        "brake": 0.0,
        "id": 14985,
        "ego_matrix": [
            [
                0.9999904036521912,
                0.00438621174544096,
                0.00017739793111104518,
                323.04644775390625
            ],
            [
                -0.004386212211102247,
                0.9999904036521912,
                2.9168431865400635e-06,
                45.32508087158203
            ],
            [
                -0.0001773834228515625,
                -3.6949199966329616e-06,
                1.0,
                0.033505629748106
            ],
            [
                0.0,
                0.0,
                0.0,
                1.0
            ]
        ]
    },
    {
        "class": "Car",
        "extent": [
            1.5470870733261108,
            3.705369472503662,
            1.7886788845062256
        ],
        "position": [
            -14.426156384335442,
            0.0696672393359233,
            -2.543953051890278
        ],
        "yaw": 0.004274906181795193,
        "num_points": 26,
        "distance": 14.648909129343412,
        "speed": 5.8939660531622255,
        "brake": 0.0,
        "id": 15016,
        "ego_matrix": [
            [
                0.9999986886978149,
                0.00010955864854622632,
                -0.0016015783185139298,
                309.92010498046875
            ],
            [
                -0.000111319990537595,
                0.9999994039535522,
                -0.0010997069766744971,
                45.31298828125
            ],
            [
                0.0016014567809179425,
                0.0010998838115483522,
                0.9999980926513672,
                -0.008118800818920135
            ],
            [
                0.0,
                0.0,
                0.0,
                1.0
            ]
        ]
    },
    {
        "class": "Car",
        "extent": [
            1.4106584787368774,
            5.357479572296143,
            2.033203125
        ],
        "position": [
            -10.826228907020843,
            3.5435194583080367,
            -2.543048961668239
        ],
        "yaw": 0.0038951394753684748,
        "num_points": 72,
        "distance": 11.671797655891028,
        "speed": 4.744226051716181,
        "brake": 0.0,
        "id": 15060,
        "ego_matrix": [
            [
                0.9999998807907104,
                0.0004910868010483682,
                -8.332754077855498e-05,
                313.5047607421875
            ],
            [
                -0.0004910868592560291,
                0.9999998807907104,
                -4.917110913993383e-07,
                41.82337951660156
            ],
            [
                8.332728612003848e-05,
                5.326321002030454e-07,
                1.0,
                -0.007840442471206188
            ],
            [
                0.0,
                0.0,
                0.0,
                1.0
            ]
        ]
    },
    {
        "class": "Car",
        "extent": [
            1.2765706777572632,
            2.3557403087615967,
            0.7636788487434387
        ],
        "position": [
            -13.182803707115012,
            6.718791995693954,
            -2.565481884948841
        ],
        "yaw": -0.07871188983567756,
        "num_points": 9,
        "distance": 15.016996263025677,
        "speed": 12.230770753624459,
        "brake": 0.0,
        "id": 15173,
        "ego_matrix": [
            [
                0.9965365529060364,
                0.08296459168195724,
                0.005648098420351744,
                311.13427734375
            ],
            [
                -0.08300144225358963,
                0.9965273141860962,
                0.006634511053562164,
                38.65847396850586
            ],
            [
                -0.005078054964542389,
                -0.00708033237606287,
                0.9999620318412781,
                -0.029843615368008614
            ],
            [
                0.0,
                0.0,
                0.0,
                1.0
            ]
        ]
    }
]