[
    {
        "class": "Car",
        "extent": [
            1.5107464790344238,
            4.901683330535889,
            2.128324270248413
        ],
        "position": [
            -1.3,
            0.0,
            -2.5
        ],
        "yaw": 0,
        "num_points": -1,
        "distance": -1,
        "speed": 3.6970720191190956,
        "brake": 0.0,
        "id": 14985,
        "ego_matrix": [
            [
                0.9999971389770508,
                0.002369688358157873,
                0.000403701385948807,
                326.9227294921875
            ],
            [
                -0.0023696781136095524,
                0.9999971985816956,
                -2.5990426365751773e-05,
                45.31171417236328
            ],
            [
                -0.00040376183460466564,
                2.5033710699062794e-05,
                0.9999999403953552,
                0.033618390560150146
            ],
            [
                0.0,
                0.0,
                0.0,
                1.0
            ]
        ]
    },
    {
        "class": "Car",
        "extent": [
            1.5470870733261108,
            3.705369472503662,
            1.7886788845062256
        ],
        "position": [
            -12.625299662679279,
            0.027094073349041677,
            -2.542292250824037
        ],
        "yaw": 0.0004820324173786671,
        "num_points": 25,
        "distance": 12.8787489900945,
        "speed": 4.380656398704987,
        "brake": 1.0,
        "id": 15016,
        "ego_matrix": [
            [
                0.999975323677063,
                0.001895186142064631,
                0.006764862686395645,
                315.5973815917969
            ],
            [
                -0.001887603895738721,
                0.999997615814209,
                -0.0011270378017798066,
                45.311458587646484
            ],
            [
                -0.00676698237657547,
                0.0011142406146973372,
                0.9999765157699585,
                -0.00410181051120162
            ],
            [
                0.0,
                0.0,
                0.0,
                1.0
            ]
        ]
    },
    {
        "class": "Car",
        "extent": [
            1.1454535722732544,
            2.0333523750305176,
            0.8025798797607422
        ],
        "position": [
            -49.61186755824607,
            -0.042955406245698026,
            -2.551237664383982
        ],
        "yaw": 0.0036506932114226194,
        "num_points": 0,
        "distance": 49.6774401655726,
        "speed": 12.455968742487524,
        "brake": 0.0,
        "id": 15054,
        "ego_matrix": [
            [
                0.9999986290931702,
                -0.0012806220911443233,
                0.001024255994707346,
                278.611083984375
            ],
            [
                0.0012810113839805126,
                0.9999991059303284,
                -0.0003795202646870166,
                45.469154357910156
            ],
            [
                -0.001023769029416144,
                0.0003808318288065493,
                0.9999994039535522,
                0.0018882944714277983
            ],
            [
                0.0,
                0.0,
                0.0,
                1.0
            ]
        ]
    },
    {
        "class": "Car",
        "extent": [
            1.4106584787368774,
            5.357479572296143,
            2.033203125
        ],
        "position": [
            -9.962981828087708,
            3.511220220797731,
            -2.5448687583413734
        ],
        "yaw": 0.0018785938979604755,
        "num_points": 101,
        "distance": 10.865819405039213,
        "speed": 4.749031138115193,
        "brake": 0.0,
        "id": 15060,
        "ego_matrix": [
            [
                0.9999998807907104,
                0.0004910868010483682,
                -8.332754077855498e-05,
                318.2514343261719
            ],
            [
                -0.0004910868592560291,
                0.9999998807907104,
                -4.917110913993383e-07,
                41.8210334777832
            ],
            [
                8.332728612003848e-05,
                5.326321002030454e-07,
                1.0,
                -0.007840480655431747
            ],
            [
                0.0,
                0.0,
                0.0,
                1.0
            ]
        ]
    },
    {
        "class": "Car",
        "extent": [
            1.2765706777572632,
            2.3557403087615967,
            0.7636788487434387
        ],
        "position": [
            -4.016045225907197,
            7.379783941607148,
            -2.5642438621875274
        ],
        "yaw": -0.02591096367100614,
        "num_points": 70,
        "distance": 8.784371170784004,
        "speed": 13.569366401020623,
        "brake": 0.0,
        "id": 15173,
        "ego_matrix": [
            [
                0.9995924234390259,
                0.028242137283086777,
                0.004160593263804913,
                324.1891784667969
            ],
            [
                -0.028276655822992325,
                0.9995641112327576,
                0.008486106060445309,
                37.93838882446289
            ],
            [
                -0.003919114358723164,
                -0.008600295521318913,
                0.9999553561210632,
                -0.029713572934269905
            ],
            [
                0.0,
                0.0,
                0.0,
                1.0
            ]
        ]
    }
]