[
    {
        "class": "Car",
        "extent": [
            1.5107464790344238,
            4.901683330535889,
            2.128324270248413
        ],
        "position": [
            -1.3,
            0.0,
            -2.5
        ],
        "yaw": 0,
        "num_points": -1,
        "distance": -1,
        "speed": 3.9952156934937917,
        "brake": 0.0,
        "id": 14985,
        "ego_matrix": [
            [
                0.9999999403953552,
                0.00027164211496710777,
                -7.689114136155695e-05,
                328.91363525390625
            ],
            [
                -0.0002716424351092428,
                0.9999999403953552,
                -4.240170255798148e-06,
                45.31206512451172
            ],
            [
                7.68899917602539e-05,
                4.261057256371714e-06,
                1.0,
                0.033379096537828445
            ],
            [
                0.0,
                0.0,
                0.0,
                1.0
            ]
        ]
    },
    {
        "class": "Car",
        "extent": [
            1.5470870733261108,
            3.705369472503662,
            1.7886788845062256
        ],
        "position": [
            -13.23704383727182,
            0.0062334990493651465,
            -2.539722716847319
        ],
        "yaw": -0.0028021775625780786,
        "num_points": 29,
        "distance": 13.478485073806944,
        "speed": 2.610536058374234,
        "brake": 0.0,
        "id": 15016,
        "ego_matrix": [
            [
                0.999994695186615,
                0.003075005952268839,
                0.0010992352617904544,
                316.9765930175781
            ],
            [
                -0.0030738131608814,
                0.999994695186615,
                -0.0010851594852283597,
                45.30907440185547
            ],
            [
                -0.0011025663698092103,
                0.0010817748261615634,
                0.9999988079071045,
                -0.007261485792696476
            ],
            [
                0.0,
                0.0,
                0.0,
                1.0
            ]
        ]
    },
    {
        "class": "Car",
        "extent": [
            1.1454535722732544,
            2.0333523750305176,
            0.8025798797607422
        ],
        "position": [
            -45.37582790720622,
            -0.18302671244136787,
            -2.528054774763873
        ],
        "yaw": 0.030221753884150198,
        "num_points": 1,
        "distance": 45.44656552464739,
        "speed": 12.450499939440784,
        "brake": 0.0,
        "id": 15054,
        "ego_matrix": [
            [
                0.9995508790016174,
                -0.029966333881020546,
                0.00024533673422411084,
                284.8378601074219
            ],
            [
                0.0299456138163805,
                0.9991044998168945,
                0.029890725389122963,
                45.50706481933594
            ],
            [
                -0.001140832551755011,
                -0.02986995317041874,
                0.9995531439781189,
                0.00193611194845289
            ],
            [
                0.0,
                0.0,
                0.0,
                1.0
            ]
        ]
    },
    {
        "class": "Car",
        "extent": [
            1.4106584787368774,
            5.357479572296143,
            2.033203125
        ],
        "position": [
            -9.586132902376335,
            3.4944538459037773,
            -2.540567452154418
        ],
        "yaw": -0.0002194443925493026,
        "num_points": 104,
        "distance": 10.5147341707777,
        "speed": 4.7513228180651,
        "brake": 0.0,
        "id": 15060,
        "ego_matrix": [
            [
                0.9999998807907104,
                0.0004910868010483682,
                -8.332754077855498e-05,
                320.6265563964844
            ],
            [
                -0.0004910868592560291,
                0.9999998807907104,
                -4.917110913993383e-07,
                41.819862365722656
            ],
            [
                8.332728612003848e-05,
                5.326321002030454e-07,
                1.0,
                -0.00784036610275507
            ],
            [
                0.0,
                0.0,
                0.0,
                1.0
            ]
        ]
    },
    {
        "class": "Car",
        "extent": [
            1.2765706777572632,
            2.3557403087615967,
            0.7636788487434387
        ],
        "position": [
            0.7971252620050635,
            7.499957134378796,
            -2.56317805190354
        ],
        "yaw": -0.008854475895446204,
        "num_points": 103,
        "distance": 7.965842543422891,
        "speed": 13.674740251228817,
        "brake": 0.0,
        "id": 15173,
        "ego_matrix": [
            [
                0.9999521970748901,
                0.009104070253670216,
                0.0035616266541182995,
                331.00872802734375
            ],
            [
                -0.009125935845077038,
                0.9999392628669739,
                0.006171757820993662,
                37.81153869628906
            ],
            [
                -0.003505222499370575,
                -0.006203966215252876,
                0.9999746084213257,
                -0.029669664800167084
            ],
            [
                0.0,
                0.0,
                0.0,
                1.0
            ]
        ]
    }
]