[
    {
        "class": "Car",
        "extent": [
            1.5107464790344238,
            4.901683330535889,
            2.128324270248413
        ],
        "position": [
            -1.3,
            0.0,
            -2.5
        ],
        "yaw": 0,
        "num_points": -1,
        "distance": -1,
        "speed": 3.841460178594105,
        "brake": 0.0,
        "id": 14985,
        "ego_matrix": [
            [
                0.9877974390983582,
                -0.15574409067630768,
                0.00026778559549711645,
                330.7291259765625
            ],
            [
                0.1557442545890808,
                0.9877939820289612,
                -0.0026123165152966976,
                45.62558364868164
            ],
            [
                0.00014233587717171758,
                0.0026221456937491894,
                0.999996542930603,
                0.033346403390169144
            ],
            [
                0.0,
                0.0,
                0.0,
                1.0
            ]
        ]
    },
    {
        "class": "Car",
        "extent": [
            1.5470870733261108,
            3.705369472503662,
            1.7886788845062256
        ],
        "position": [
            -13.225647835509545,
            -1.55474145375862,
            -2.5468233830010796
        ],
        "yaw": -0.1593321840036748,
        "num_points": 21,
        "distance": 13.558071064910186,
        "speed": 4.3448809288913655,
        "brake": 0.0,
        "id": 15016,
        "ego_matrix": [
            [
                0.9999741911888123,
                0.002944176783785224,
                -0.006554280407726765,
                318.70684814453125
            ],
            [
                -0.0029512473847717047,
                0.9999950528144836,
                -0.0010693606454879045,
                45.30411911010742
            ],
            [
                0.0065510994754731655,
                0.0010886763921007514,
                0.9999779462814331,
                -0.011097507551312447
            ],
            [
                0.0,
                0.0,
                0.0,
                1.0
            ]
        ]
    },
    {
        "class": "Car",
        "extent": [
            1.1454535722732544,
            2.0333523750305176,
            0.8025798797607422
        ],
        "position": [
            -40.46041072187596,
            -6.349036061185999,
            -2.542527556939988
        ],
        "yaw": -0.09369631967300894,
        "num_points": 0,
        "distance": 41.03437024089604,
        "speed": 12.455648400444472,
        "brake": 0.0,
        "id": 15054,
        "ego_matrix": [
            [
                0.9980354309082031,
                -0.06265188753604889,
                0.0001237459946423769,
                291.0577392578125
            ],
            [
                0.06264346837997437,
                0.9979300498962402,
                0.014538888819515705,
                45.79822540283203
            ],
            [
                -0.0010343786561861634,
                -0.014502574689686298,
                0.9998943209648132,
                0.0018931585364043713
            ],
            [
                0.0,
                0.0,
                0.0,
                1.0
            ]
        ]
    },
    {
        "class": "Car",
        "extent": [
            1.4106584787368774,
            5.357479572296143,
            2.033203125
        ],
        "position": [
            -9.52521627611665,
            2.5571621862912965,
            -2.533308638545432
        ],
        "yaw": -0.15687195598371534,
        "num_points": 125,
        "distance": 10.182655656159868,
        "speed": 4.752211641106298,
        "brake": 0.0,
        "id": 15060,
        "ego_matrix": [
            [
                0.9999998807907104,
                0.0004910868010483682,
                -8.332754077855498e-05,
                323.0025329589844
            ],
            [
                -0.0004910868592560291,
                0.9999998807907104,
                -4.917110913993383e-07,
                41.81869125366211
            ],
            [
                8.332728612003848e-05,
                5.326321002030454e-07,
                1.0,
                -0.007838115096092224
            ],
            [
                0.0,
                0.0,
                0.0,
                1.0
            ]
        ]
    },
    {
        "class": "Car",
        "extent": [
            1.2765706777572632,
            2.3557403087615967,
            0.7636788487434387
        ],
        "position": [
            4.50646141836991,
            8.847196374748442,
            -2.540626454182415
        ],
        "yaw": -0.15365621373952415,
        "num_points": 41,
        "distance": 10.248700453633623,
        "speed": 13.650527476869012,
        "brake": 0.0,
        "id": 15173,
        "ego_matrix": [
            [
                0.9999907612800598,
                -0.0027373675256967545,
                0.0033216814044862986,
                337.8426208496094
            ],
            [
                0.002724637044593692,
                0.9999889135360718,
                0.0038310529198497534,
                37.79080581665039
            ],
            [
                -0.003332131775096059,
                -0.0038219671696424484,
                0.9999871253967285,
                -0.029652079567313194
            ],
            [
                0.0,
                0.0,
                0.0,
                1.0
            ]
        ]
    }
]