[
    {
        "class": "Car",
        "extent": [
            1.5107464790344238,
            4.901683330535889,
            2.128324270248413
        ],
        "position": [
            -1.3,
            0.0,
            -2.5
        ],
        "yaw": 0,
        "num_points": -1,
        "distance": -1,
        "speed": 3.857783978317642,
        "brake": 0.0,
        "id": 14985,
        "ego_matrix": [
            [
                0.945012092590332,
                -0.32703453302383423,
                0.0007930850842967629,
                332.6399841308594
            ],
            [
                0.32703524827957153,
                0.945011556148529,
                -0.0011092395288869739,
                46.34886169433594
            ],
            [
                -0.0003867149061989039,
                0.0013076114701107144,
                0.9999991059303284,
                0.03360996022820473
            ],
            [
                0.0,
                0.0,
                0.0,
                1.0
            ]
        ]
    },
    {
        "class": "Car",
        "extent": [
            1.5470870733261108,
            3.705369472503662,
            1.7886788845062256
        ],
        "position": [
            -12.594924257062686,
            -2.796349039725948,
            -2.5466235673961712
        ],
        "yaw": -0.33597108705887196,
        "num_points": 33,
        "distance": 13.150550429055809,
        "speed": 3.7092092203846887,
        "brake": 0.07602372765541077,
        "id": 15016,
        "ego_matrix": [
            [
                0.9999800324440002,
                0.0028128004632890224,
                0.005659586749970913,
                321.0516052246094
            ],
            [
                -0.002806390170007944,
                0.9999954104423523,
                -0.0011402739910408854,
                45.29765701293945
            ],
            [
                -0.005662768147885799,
                0.0011243681656196713,
                0.9999833106994629,
                -0.004989109002053738
            ],
            [
                0.0,
                0.0,
                0.0,
                1.0
            ]
        ]
    },
    {
        "class": "Car",
        "extent": [
            1.1454535722732544,
            2.0333523750305176,
            0.8025798797607422
        ],
        "position": [
            -34.752247107310914,
            -11.495702027495522,
            -2.559689657931934
        ],
        "yaw": -0.24381060848539687,
        "num_points": 7,
        "distance": 36.693621451929324,
        "speed": 12.456273880347291,
        "brake": 0.0,
        "id": 15054,
        "ego_matrix": [
            [
                0.9960100650787354,
                -0.08924099802970886,
                -2.9581133276224136e-05,
                297.2676696777344
            ],
            [
                0.08923514187335968,
                0.9959408640861511,
                0.01179006788879633,
                46.27243423461914
            ],
            [
                -0.0010226962622255087,
                -0.011745666153728962,
                0.9999305009841919,
                0.0018887525657191873
            ],
            [
                0.0,
                0.0,
                0.0,
                1.0
            ]
        ]
    },
    {
        "class": "Car",
        "extent": [
            1.4106584787368774,
            5.357479572296143,
            2.033203125
        ],
        "position": [
            -9.644073697341465,
            1.9074713712299447,
            -2.542179899547837
        ],
        "yaw": -0.33365573500221285,
        "num_points": 142,
        "distance": 10.15427413227949,
        "speed": 4.752431939064822,
        "brake": 0.0,
        "id": 15060,
        "ego_matrix": [
            [
                0.9999998807907104,
                0.0004910868010483682,
                -8.332754077855498e-05,
                325.3785095214844
            ],
            [
                -0.0004910868592560291,
                0.9999998807907104,
                -4.917110913993383e-07,
                41.81752014160156
            ],
            [
                8.332728612003848e-05,
                5.326321002030454e-07,
                1.0,
                -0.007837352342903614
            ],
            [
                0.0,
                0.0,
                0.0,
                1.0
            ]
        ]
    },
    {
        "class": "Car",
        "extent": [
            1.2765706777572632,
            2.3557403087615967,
            0.7636788487434387
        ],
        "position": [
            7.269019987709371,
            11.97726479776451,
            -2.5442836562859807
        ],
        "yaw": -0.3239506018108726,
        "num_points": 12,
        "distance": 14.239624396069274,
        "speed": 13.600295919071764,
        "brake": 0.0,
        "id": 15173,
        "ego_matrix": [
            [
                0.9999521374702454,
                -0.00922067929059267,
                0.0032783423084765673,
                344.6547546386719
            ],
            [
                0.009213865734636784,
                0.999955415725708,
                0.002087242202833295,
                37.8326301574707
            ],
            [
                -0.0032974418718367815,
                -0.0020569360349327326,
                0.9999924898147583,
                -0.029649028554558754
            ],
            [
                0.0,
                0.0,
                0.0,
                1.0
            ]
        ]
    }
]