[
    {
        "class": "Car",
        "extent": [
            1.5107464790344238,
            4.901683330535889,
            2.128324270248413
        ],
        "position": [
            -1.3,
            0.0,
            -2.5
        ],
        "yaw": 0,
        "num_points": -1,
        "distance": -1,
        "speed": 4.137652814803844,
        "brake": 0.0,
        "id": 14985,
        "ego_matrix": [
            [
                0.9026013612747192,
                -0.4304773807525635,
                -7.255893433466554e-05,
                334.3581848144531
            ],
            [
                0.430477112531662,
                0.9026010036468506,
                -0.0009433716186322272,
                47.219730377197266
            ],
            [
                0.0004715918912552297,
                0.0008202535100281239,
                0.9999995231628418,
                0.03318282961845398
            ],
            [
                0.0,
                0.0,
                0.0,
                1.0
            ]
        ]
    },
    {
        "class": "Car",
        "extent": [
            1.5470870733261108,
            3.705369472503662,
            1.7886788845062256
        ],
        "position": [
            -12.656922218439181,
            -3.28251303580621,
            -2.5381803143412385
        ],
        "yaw": -0.4475130286534741,
        "num_points": 35,
        "distance": 13.319719636012106,
        "speed": 3.222106380152705,
        "brake": 0.0,
        "id": 15016,
        "ego_matrix": [
            [
                0.9999968409538269,
                0.0024919479619711637,
                0.00026351629639975727,
                322.6943664550781
            ],
            [
                -0.002491650404408574,
                0.9999962449073792,
                -0.0011229157680645585,
                45.293670654296875
            ],
            [
                -0.0002663135528564453,
                0.001122255576774478,
                0.9999992847442627,
                -0.007660808507353067
            ],
            [
                0.0,
                0.0,
                0.0,
                1.0
            ]
        ]
    },
    {
        "class": "Car",
        "extent": [
            1.1454535722732544,
            2.0333523750305176,
            0.8025798797607422
        ],
        "position": [
            -29.320366426491006,
            -13.017642552759705,
            -2.5287625802562927
        ],
        "yaw": -0.33193896988240384,
        "num_points": 0,
        "distance": 32.17976919125471,
        "speed": 12.455969096750254,
        "brake": 0.0,
        "id": 15054,
        "ego_matrix": [
            [
                0.9936124682426453,
                -0.11284608393907547,
                -8.252752013504505e-05,
                303.4631652832031
            ],
            [
                0.11284148693084717,
                0.9935649037361145,
                0.00977881159633398,
                46.90736770629883
            ],
            [
                -0.001021504052914679,
                -0.009725661017000675,
                0.9999521970748901,
                0.0018838506657630205
            ],
            [
                0.0,
                0.0,
                0.0,
                1.0
            ]
        ]
    },
    {
        "class": "Car",
        "extent": [
            1.4106584787368774,
            5.357479572296143,
            2.033203125
        ],
        "position": [
            -9.586422724830966,
            2.0344572703180113,
            -2.535443463186943
        ],
        "yaw": -0.44551246223766233,
        "num_points": 149,
        "distance": 10.122598016266515,
        "speed": 4.75248296263799,
        "brake": 0.0,
        "id": 15060,
        "ego_matrix": [
            [
                0.9999998807907104,
                0.0004910868010483682,
                -8.332754077855498e-05,
                327.754638671875
            ],
            [
                -0.0004910868592560291,
                0.9999998807907104,
                -4.917110913993383e-07,
                41.81634521484375
            ],
            [
                8.332728612003848e-05,
                5.326321002030454e-07,
                1.0,
                -0.007837199606001377
            ],
            [
                0.0,
                0.0,
                0.0,
                1.0
            ]
        ]
    },
    {
        "class": "Car",
        "extent": [
            1.2765706777572632,
            2.3557403087615967,
            0.7636788487434387
        ],
        "position": [
            10.11258418841984,
            15.761172046997304,
            -2.555288285389828
        ],
        "yaw": -0.4327247762606096,
        "num_points": 10,
        "distance": 18.89995771117964,
        "speed": 13.562960338823752,
        "brake": 0.0,
        "id": 15173,
        "ego_matrix": [
            [
                0.9999189376831055,
                -0.012299452908337116,
                0.003304153447970748,
                351.44403076171875
            ],
            [
                0.012296222150325775,
                0.9999238848686218,
                0.000996456015855074,
                37.90658950805664
            ],
            [
                -0.003316157730296254,
                -0.0009557466255500913,
                0.9999940395355225,
                -0.02965150773525238
            ],
            [
                0.0,
                0.0,
                0.0,
                1.0
            ]
        ]
    }
]