[
    {
        "class": "Car",
        "extent": [
            1.5107464790344238,
            4.901683330535889,
            2.128324270248413
        ],
        "position": [
            -1.3,
            0.0,
            -2.5
        ],
        "yaw": 0,
        "num_points": -1,
        "distance": -1,
        "speed": 3.758952478669802,
        "brake": 0.0,
        "id": 14985,
        "ego_matrix": [
            [
                0.8581502437591553,
                -0.5133981704711914,
                0.000639679899904877,
                336.0194396972656
            ],
            [
                0.5133984684944153,
                0.8581501841545105,
                -0.0005247304798103869,
                48.2457275390625
            ],
            [
                -0.0002795457548927516,
                0.0007787082577124238,
                0.9999996423721313,
                0.03355659544467926
            ],
            [
                0.0,
                0.0,
                0.0,
                1.0
            ]
        ]
    },
    {
        "class": "Car",
        "extent": [
            1.5470870733261108,
            3.705369472503662,
            1.7886788845062256
        ],
        "position": [
            -12.914572016305794,
            -3.5047647129570207,
            -2.5467527010180104
        ],
        "yaw": -0.5412975447316458,
        "num_points": 34,
        "distance": 13.62187561893295,
        "speed": 2.898934804478218,
        "brake": 0.0,
        "id": 15016,
        "ego_matrix": [
            [
                0.9999970197677612,
                0.002158418530598283,
                0.0011198082938790321,
                324.2530212402344
            ],
            [
                -0.00215715728700161,
                0.9999970197677612,
                -0.0011262719053775072,
                45.290462493896484
            ],
            [
                -0.0011222359025850892,
                0.0011238529114052653,
                0.9999986886978149,
                -0.007220096420496702
            ],
            [
                0.0,
                0.0,
                0.0,
                1.0
            ]
        ]
    },
    {
        "class": "Car",
        "extent": [
            1.1454535722732544,
            2.0333523750305176,
            0.8025798797607422
        ],
        "position": [
            -24.252482826954704,
            -12.995111132981082,
            -2.548203033180945
        ],
        "yaw": -0.4255867742504921,
        "num_points": 7,
        "distance": 27.632393586668787,
        "speed": 12.456100320032657,
        "brake": 0.0,
        "id": 15054,
        "ego_matrix": [
            [
                0.9935591816902161,
                -0.11330965906381607,
                0.0010250727646052837,
                309.65106201171875
            ],
            [
                0.11330966651439667,
                0.993559718132019,
                5.0965187256224453e-05,
                47.613739013671875
            ],
            [
                -0.001024245866574347,
                6.551371916430071e-05,
                0.999999463558197,
                0.00188924849499017
            ],
            [
                0.0,
                0.0,
                0.0,
                1.0
            ]
        ]
    },
    {
        "class": "Car",
        "extent": [
            1.4106584787368774,
            5.357479572296143,
            2.033203125
        ],
        "position": [
            -9.654423277917715,
            2.4953988294515006,
            -2.541786026407663
        ],
        "yaw": -0.539631471348748,
        "num_points": 173,
        "distance": 10.290557825077736,
        "speed": 4.752501556436355,
        "brake": 0.0,
        "id": 15060,
        "ego_matrix": [
            [
                0.9999998807907104,
                0.0004910868010483682,
                -8.332754077855498e-05,
                330.1311950683594
            ],
            [
                -0.0004910868592560291,
                0.9999998807907104,
                -4.917110913993383e-07,
                41.8151741027832
            ],
            [
                8.332728612003848e-05,
                5.326321002030454e-07,
                1.0,
                -0.007837161421775818
            ],
            [
                0.0,
                0.0,
                0.0,
                1.0
            ]
        ]
    },
    {
        "class": "Car",
        "extent": [
            1.2765706777572632,
            2.3557403087615967,
            0.7636788487434387
        ],
        "position": [
            12.487843912834379,
            20.194846968799585,
            -2.543630673547059
        ],
        "yaw": -0.5257788215815836,
        "num_points": 1,
        "distance": 23.879869067646872,
        "speed": 13.544158567561919,
        "brake": 0.0,
        "id": 15173,
        "ego_matrix": [
            [
                0.9999051094055176,
                -0.013362199999392033,
                0.003336631925776601,
                358.2194519042969
            ],
            [
                0.013361090794205666,
                0.9999106526374817,
                0.00035459932405501604,
                37.994197845458984
            ],
            [
                -0.003341072238981724,
                -0.00030998463626019657,
                0.9999943375587463,
                -0.02965429238975048
            ],
            [
                0.0,
                0.0,
                0.0,
                1.0
            ]
        ]
    }
]