[
    {
        "class": "Car",
        "extent": [
            1.5107464790344238,
            4.901683330535889,
            2.128324270248413
        ],
        "position": [
            -1.3,
            0.0,
            -2.5
        ],
        "yaw": 0,
        "num_points": -1,
        "distance": -1,
        "speed": 3.8953752791281477,
        "brake": 0.0,
        "id": 14985,
        "ego_matrix": [
            [
                0.8310003876686096,
                -0.5562717914581299,
                5.46028240933083e-05,
                337.6708984375
            ],
            [
                0.5562717914581299,
                0.8310003876686096,
                0.0002000209642574191,
                49.38380432128906
            ],
            [
                -0.00015664099191781133,
                -0.00013584349653683603,
                1.0,
                0.03349529206752777
            ],
            [
                0.0,
                0.0,
                0.0,
                1.0
            ]
        ]
    },
    {
        "class": "Car",
        "extent": [
            1.5470870733261108,
            3.705369472503662,
            1.7886788845062256
        ],
        "position": [
            -13.571233224088354,
            -3.2859225945075443,
            -2.5443697708314352
        ],
        "yaw": -0.5916492658015386,
        "num_points": 31,
        "distance": 14.193289824787472,
        "speed": 3.16221381208024,
        "brake": 0.0,
        "id": 15016,
        "ego_matrix": [
            [
                0.9999933838844299,
                0.0017530841287225485,
                -0.003194119082763791,
                325.6456298828125
            ],
            [
                -0.0017566111637279391,
                0.9999978542327881,
                -0.0011017329525202513,
                45.28825759887695
            ],
            [
                0.0031921807676553726,
                0.0011073366040363908,
                0.9999943375587463,
                -0.009398669935762882
            ],
            [
                0.0,
                0.0,
                0.0,
                1.0
            ]
        ]
    },
    {
        "class": "Car",
        "extent": [
            1.1454535722732544,
            2.0333523750305176,
            0.8025798797607422
        ],
        "position": [
            -21.77098689516812,
            -12.154128620994626,
            -2.534023854938243
        ],
        "yaw": -0.47700703032109315,
        "num_points": 8,
        "distance": 25.06232211553149,
        "speed": 6.453587886844795,
        "brake": 0.045450493693351746,
        "id": 15054,
        "ego_matrix": [
            [
                0.9936166405677795,
                -0.1126461923122406,
                -0.0060664815828204155,
                313.89849853515625
            ],
            [
                0.11264391243457794,
                0.9936351776123047,
                -0.0007177607621997595,
                48.09645080566406
            ],
            [
                0.006108722183853388,
                2.9826855097780935e-05,
                0.9999813437461853,
                0.0010269749909639359
            ],
            [
                0.0,
                0.0,
                0.0,
                1.0
            ]
        ]
    },
    {
        "class": "Car",
        "extent": [
            1.4106584787368774,
            5.357479572296143,
            2.033203125
        ],
        "position": [
            -9.801437608653131,
            3.418389209494113,
            -2.543128456672371
        ],
        "yaw": -0.5903837317165516,
        "num_points": 165,
        "distance": 10.687425617567714,
        "speed": 4.752504892986671,
        "brake": 0.0,
        "id": 15060,
        "ego_matrix": [
            [
                0.9999998807907104,
                0.0004910868010483682,
                -8.332754077855498e-05,
                332.50775146484375
            ],
            [
                -0.0004910868592560291,
                0.9999998807907104,
                -4.917110913993383e-07,
                41.814002990722656
            ],
            [
                8.332728612003848e-05,
                5.326321002030454e-07,
                1.0,
                -0.007837123237550259
            ],
            [
                0.0,
                0.0,
                0.0,
                1.0
            ]
        ]
    },
    {
        "class": "Car",
        "extent": [
            1.2765706777572632,
            2.3557403087615967,
            0.7636788487434387
        ],
        "position": [
            15.116445594938615,
            24.585184582004803,
            -2.563919706275185
        ],
        "yaw": -0.5763973704567191,
        "num_points": 3,
        "distance": 28.974331961517453,
        "speed": 13.538053051774314,
        "brake": 0.0,
        "id": 15173,
        "ego_matrix": [
            [
                0.9999032616615295,
                -0.013494940474629402,
                0.0033581035677343607,
                364.989013671875
            ],
            [
                0.013494787737727165,
                0.9999089241027832,
                6.798459799028933e-05,
                38.08549880981445
            ],
            [
                -0.0033587152138352394,
                -2.2661126422462985e-05,
                0.9999943375587463,
                -0.02965616248548031
            ],
            [
                0.0,
                0.0,
                0.0,
                1.0
            ]
        ]
    }
]