[
    {
        "class": "Car",
        "extent": [
            1.5107464790344238,
            4.901683330535889,
            2.128324270248413
        ],
        "position": [
            -1.3,
            0.0,
            -2.5
        ],
        "yaw": 0,
        "num_points": -1,
        "distance": -1,
        "speed": 4.10359856300169,
        "brake": 0.0,
        "id": 14985,
        "ego_matrix": [
            [
                0.8321599960327148,
                -0.5545352101325989,
                -0.0006161582423374057,
                339.25653076171875
            ],
            [
                0.5545353889465332,
                0.8321601748466492,
                5.1420123782008886e-05,
                50.44624710083008
            ],
            [
                0.0004842280759476125,
                -0.0003844712919089943,
                0.9999998211860657,
                0.0331762321293354
            ],
            [
                0.0,
                0.0,
                0.0,
                1.0
            ]
        ]
    },
    {
        "class": "Car",
        "extent": [
            1.5470870733261108,
            3.705369472503662,
            1.7886788845062256
        ],
        "position": [
            -13.768309352804593,
            -2.1067704784142736,
            -2.5373573935309834
        ],
        "yaw": -0.589326856172935,
        "num_points": 42,
        "distance": 14.157789616523855,
        "speed": 4.991278230307177,
        "brake": 0.0,
        "id": 15016,
        "ego_matrix": [
            [
                0.9999783039093018,
                0.0015152506530284882,
                -0.006412804592400789,
                327.712646484375
            ],
            [
                -0.0015222307993099093,
                0.9999982714653015,
                -0.0010837326990440488,
                45.28529739379883
            ],
            [
                0.0064111510291695595,
                0.0010934709571301937,
                0.9999788403511047,
                -0.0110286520794034
            ],
            [
                0.0,
                0.0,
                0.0,
                1.0
            ]
        ]
    },
    {
        "class": "Car",
        "extent": [
            1.1454535722732544,
            2.0333523750305176,
            0.8025798797607422
        ],
        "position": [
            -21.389992407057292,
            -10.915409159971308,
            -2.517790271767412
        ],
        "yaw": -0.47541508416760625,
        "num_points": 1,
        "distance": 24.14574911151362,
        "speed": 5.035544577031332,
        "brake": 0.0,
        "id": 15054,
        "ego_matrix": [
            [
                0.993690013885498,
                -0.11215373873710632,
                -0.0013335221447050571,
                316.4854736328125
            ],
            [
                0.11215294152498245,
                0.9936907887458801,
                -0.000660257413983345,
                48.38900375366211
            ],
            [
                0.0013991588493809104,
                0.000506532727740705,
                0.999998927116394,
                0.0014611638616770506
            ],
            [
                0.0,
                0.0,
                0.0,
                1.0
            ]
        ]
    },
    {
        "class": "Car",
        "extent": [
            1.4106584787368774,
            5.357479572296143,
            2.033203125
        ],
        "position": [
            -9.725917723934,
            4.759833930587537,
            -2.538763355122976
        ],
        "yaw": -0.5882956802638749,
        "num_points": 162,
        "distance": 11.121817027483466,
        "speed": 4.7525048956138685,
        "brake": 0.0,
        "id": 15060,
        "ego_matrix": [
            [
                0.9999998807907104,
                0.0004910868010483682,
                -8.332754077855498e-05,
                334.88433837890625
            ],
            [
                -0.0004910868592560291,
                0.9999998807907104,
                -4.917110913993383e-07,
                41.81283187866211
            ],
            [
                8.332728612003848e-05,
                5.326321002030454e-07,
                1.0,
                -0.007837161421775818
            ],
            [
                0.0,
                0.0,
                0.0,
                1.0
            ]
        ]
    },
    {
        "class": "Car",
        "extent": [
            1.2765706777572632,
            2.3557403087615967,
            0.7636788487434387
        ],
        "position": [
            18.942317135709427,
            28.233230620508518,
            -2.583489978193137
        ],
        "yaw": -0.5744103193883837,
        "num_points": 1,
        "distance": 34.09693696225565,
        "speed": 13.537947580122559,
        "brake": 0.0,
        "id": 15173,
        "ego_matrix": [
            [
                0.9999046325683594,
                -0.013393739238381386,
                0.003366458462551236,
                371.75775146484375
            ],
            [
                0.013393797911703587,
                0.999910295009613,
                5.1429669838398695e-06,
                38.176753997802734
            ],
            [
                -0.0033662253990769386,
                3.9947186451172456e-05,
                0.9999943375587463,
                -0.029656963422894478
            ],
            [
                0.0,
                0.0,
                0.0,
                1.0
            ]
        ]
    }
]