[
    {
        "class": "Car",
        "extent": [
            1.5107464790344238,
            4.901683330535889,
            2.128324270248413
        ],
        "position": [
            -1.3,
            0.0,
            -2.5
        ],
        "yaw": 0,
        "num_points": -1,
        "distance": -1,
        "speed": 3.6677896054565866,
        "brake": 0.0,
        "id": 14985,
        "ego_matrix": [
            [
                0.8745613694190979,
                -0.48491427302360535,
                -0.0007413980783894658,
                340.9635925292969
            ],
            [
                0.4849146008491516,
                0.8745585083961487,
                0.002300565829500556,
                51.40028762817383
            ],
            [
                -0.00046718111843802035,
                -0.002371500711888075,
                0.999997079372406,
                0.033648908138275146
            ],
            [
                0.0,
                0.0,
                0.0,
                1.0
            ]
        ]
    },
    {
        "class": "Car",
        "extent": [
            1.5470870733261108,
            3.705369472503662,
            1.7886788845062256
        ],
        "position": [
            -13.355236972525335,
            0.3119816965035949,
            -2.5496825149412956
        ],
        "yaw": -0.5075960732444966,
        "num_points": 46,
        "distance": 13.600020885949341,
        "speed": 6.344476341706426,
        "brake": 0.0,
        "id": 15016,
        "ego_matrix": [
            [
                0.9999879002571106,
                0.0013253017095848918,
                -0.004735598806291819,
                330.5718688964844
            ],
            [
                -0.0013304996537044644,
                0.9999985098838806,
                -0.001094650593586266,
                45.28156661987305
            ],
            [
                0.004734140820801258,
                0.001100938068702817,
                0.9999881982803345,
                -0.009661616757512093
            ],
            [
                0.0,
                0.0,
                0.0,
                1.0
            ]
        ]
    },
    {
        "class": "Car",
        "extent": [
            1.1454535722732544,
            2.0333523750305176,
            0.8025798797607422
        ],
        "position": [
            -21.87890463180242,
            -8.264799418625072,
            -2.5215844028981302
        ],
        "yaw": -0.40651287330582997,
        "num_points": 2,
        "distance": 23.52343013292385,
        "speed": 5.029859537189867,
        "brake": 0.0,
        "id": 15054,
        "ego_matrix": [
            [
                0.9950286746025085,
                -0.09958405792713165,
                0.000994610833004117,
                318.9583740234375
            ],
            [
                0.0995873212814331,
                0.9950205087661743,
                -0.0040746587328612804,
                48.64927673339844
            ],
            [
                -0.0005838870420120656,
                0.004153452347964048,
                0.9999911785125732,
                0.0020786679815500975
            ],
            [
                0.0,
                0.0,
                0.0,
                1.0
            ]
        ]
    },
    {
        "class": "Car",
        "extent": [
            1.4106584787368774,
            5.357479572296143,
            2.033203125
        ],
        "position": [
            -9.187882203981498,
            6.5902258319093585,
            -2.5608000045205386
        ],
        "yaw": -0.5067566451939965,
        "num_points": 162,
        "distance": 11.593358123208207,
        "speed": 4.752504894030935,
        "brake": 0.0,
        "id": 15060,
        "ego_matrix": [
            [
                0.9999998807907104,
                0.0004910868010483682,
                -8.332754077855498e-05,
                337.2608947753906
            ],
            [
                -0.0004910868592560291,
                0.9999998807907104,
                -4.917110913993383e-07,
                41.81166076660156
            ],
            [
                8.332728612003848e-05,
                5.326321002030454e-07,
                1.0,
                -0.007837123237550259
            ],
            [
                0.0,
                0.0,
                0.0,
                1.0
            ]
        ]
    },
    {
        "class": "Car",
        "extent": [
            1.2765706777572632,
            2.3557403087615967,
            0.7636788487434387
        ],
        "position": [
            25.18210256254914,
            29.701360111210832,
            -2.6213713095213014
        ],
        "yaw": -0.493500454045442,
        "num_points": 1,
        "distance": 39.02794728741125,
        "speed": 13.539539276424403,
        "brake": 0.0,
        "id": 15173,
        "ego_matrix": [
            [
                0.9999128580093384,
                -0.012763955630362034,
                0.0033700631465762854,
                378.5265197753906
            ],
            [
                0.012764684855937958,
                0.999918520450592,
                -0.00019508443074300885,
                38.2659912109375
            ],
            [
                -0.0033672982826828957,
                0.00023808522382751107,
                0.9999943375587463,
                -0.029657190665602684
            ],
            [
                0.0,
                0.0,
                0.0,
                1.0
            ]
        ]
    }
]