[
    {
        "class": "Car",
        "extent": [
            1.5107464790344238,
            4.901683330535889,
            2.128324270248413
        ],
        "position": [
            -1.3,
            0.0,
            -2.5
        ],
        "yaw": 0,
        "num_points": -1,
        "distance": -1,
        "speed": 4.055115102903748,
        "brake": 0.0,
        "id": 14985,
        "ego_matrix": [
            [
                0.9463402628898621,
                -0.3231707215309143,
                -0.0008715570438653231,
                342.8676452636719
            ],
            [
                0.3231718838214874,
                0.9463375806808472,
                0.002265187678858638,
                52.00101089477539
            ],
            [
                9.27448199945502e-05,
                -0.002425301121547818,
                0.999997079372406,
                0.03337043523788452
            ],
            [
                0.0,
                0.0,
                0.0,
                1.0
            ]
        ]
    },
    {
        "class": "Car",
        "extent": [
            1.5470870733261108,
            3.705369472503662,
            1.7886788845062256
        ],
        "position": [
            -12.004828630127914,
            3.4486393883888837,
            -2.548486367400999
        ],
        "yaw": -0.33019199407384925,
        "num_points": 57,
        "distance": 12.747698099449753,
        "speed": 6.638764313620248,
        "brake": 0.0,
        "id": 15016,
        "ego_matrix": [
            [
                0.9999990463256836,
                0.0011117062531411648,
                -0.0008605039329268038,
                333.8517761230469
            ],
            [
                -0.0011126677272841334,
                0.9999988079071045,
                -0.0011175702093169093,
                45.27782440185547
            ],
            [
                0.0008592604426667094,
                0.0011185266776010394,
                0.9999990463256836,
                -0.00774461729452014
            ],
            [
                0.0,
                0.0,
                0.0,
                1.0
            ]
        ]
    },
    {
        "class": "Car",
        "extent": [
            1.1454535722732544,
            2.0333523750305176,
            0.8025798797607422
        ],
        "position": [
            -22.457652543478154,
            -3.906882764815319,
            -2.5197196323891573
        ],
        "yaw": -0.2578951520292012,
        "num_points": 1,
        "distance": 22.93379335669198,
        "speed": 5.642208668001501,
        "brake": 0.0,
        "id": 15054,
        "ego_matrix": [
            [
                0.9974609017372131,
                -0.07110067456960678,
                0.004044376313686371,
                321.5827331542969
            ],
            [
                0.07112360000610352,
                0.9974504113197327,
                -0.005840118508785963,
                48.86063766479492
            ],
            [
                -0.0036188282538205385,
                0.006112940609455109,
                0.99997478723526,
                0.002213231520727277
            ],
            [
                0.0,
                0.0,
                0.0,
                1.0
            ]
        ]
    },
    {
        "class": "Car",
        "extent": [
            1.4106584787368774,
            5.357479572296143,
            2.033203125
        ],
        "position": [
            -7.650157726936252,
            8.599672730282887,
            -2.561475591505276
        ],
        "yaw": -0.32957041260051767,
        "num_points": 164,
        "distance": 11.79154110033336,
        "speed": 4.752504891483524,
        "brake": 0.0,
        "id": 15060,
        "ego_matrix": [
            [
                0.9999998807907104,
                0.0004910868010483682,
                -8.332754077855498e-05,
                339.637451171875
            ],
            [
                -0.0004910868592560291,
                0.9999998807907104,
                -4.917110913993383e-07,
                41.81048583984375
            ],
            [
                8.332728612003848e-05,
                5.326321002030454e-07,
                1.0,
                -0.007837123237550259
            ],
            [
                0.0,
                0.0,
                0.0,
                1.0
            ]
        ]
    },
    {
        "class": "Car",
        "extent": [
            1.2765706777572632,
            2.3557403087615967,
            0.7636788487434387
        ],
        "position": [
            34.439732090831704,
            26.631893089790786,
            -2.63093308671632
        ],
        "yaw": -0.317888371239525,
        "num_points": 1,
        "distance": 43.61507405635221,
        "speed": 13.540964638778986,
        "brake": 0.0,
        "id": 15173,
        "ego_matrix": [
            [
                0.9999316930770874,
                -0.011188833974301815,
                0.0033733511809259653,
                385.2963562011719
            ],
            [
                0.011190657503902912,
                0.9999371767044067,
                -0.0005220788298174739,
                38.34803009033203
            ],
            [
                -0.0033672982826828957,
                0.000559793203137815,
                0.999994158744812,
                -0.029657229781150818
            ],
            [
                0.0,
                0.0,
                0.0,
                1.0
            ]
        ]
    }
]