[
    {
        "class": "Car",
        "extent": [
            1.5107464790344238,
            4.901683330535889,
            2.128324270248413
        ],
        "position": [
            -1.3,
            0.0,
            -2.5
        ],
        "yaw": 0,
        "num_points": -1,
        "distance": -1,
        "speed": 3.928760502677988,
        "brake": 0.0,
        "id": 14985,
        "ego_matrix": [
            [
                0.9864298105239868,
                -0.1641830950975418,
                -0.0003487801877781749,
                344.76287841796875
            ],
            [
                0.16418342292308807,
                0.9864286780357361,
                0.0014529305044561625,
                52.25381088256836
            ],
            [
                0.00010550021397648379,
                -0.0014904779382050037,
                0.9999988675117493,
                0.03336460143327713
            ],
            [
                0.0,
                0.0,
                0.0,
                1.0
            ]
        ]
    },
    {
        "class": "Car",
        "extent": [
            1.5470870733261108,
            3.705369472503662,
            1.7886788845062256
        ],
        "position": [
            -9.735578339673271,
            5.6711321408185,
            -2.5513332273238127
        ],
        "yaw": -0.16586917934542048,
        "num_points": 84,
        "distance": 11.552165450831568,
        "speed": 7.858945998640516,
        "brake": 0.0,
        "id": 15016,
        "ego_matrix": [
            [
                0.9999808073043823,
                0.0009323233389295638,
                -0.006125122774392366,
                337.3728942871094
            ],
            [
                -0.0009390127379447222,
                0.9999989867210388,
                -0.0010893401922658086,
                45.27458572387695
            ],
            [
                0.006124100647866726,
                0.0010950707364827394,
                0.999980628490448,
                -0.010405826382339
            ],
            [
                0.0,
                0.0,
                0.0,
                1.0
            ]
        ]
    },
    {
        "class": "Car",
        "extent": [
            1.4738311767578125,
            4.1928300857543945,
            1.8161858320236206
        ],
        "position": [
            -48.23372008793239,
            -7.8305540382871905,
            -2.521785309861384
        ],
        "yaw": -0.1671000924012551,
        "num_points": 0,
        "distance": 48.93024352296421,
        "speed": 10.772032715453268,
        "brake": 0.0,
        "id": 15033,
        "ego_matrix": [
            [
                0.9999976754188538,
                0.002169940387830138,
                -5.799105565529317e-05,
                297.180419921875
            ],
            [
                -0.002169941784814,
                0.9999976754188538,
                -2.5440569515922107e-05,
                52.27232360839844
            ],
            [
                5.793571108370088e-05,
                2.5566347176209092e-05,
                1.0,
                -0.005043468438088894
            ],
            [
                0.0,
                0.0,
                0.0,
                1.0
            ]
        ]
    },
    {
        "class": "Car",
        "extent": [
            1.1454535722732544,
            2.0333523750305176,
            0.8025798797607422
        ],
        "position": [
            -21.446213502043168,
            -0.08244841607323286,
            -2.528743688145152
        ],
        "yaw": -0.12447970716707238,
        "num_points": 1,
        "distance": 21.59493959141506,
        "speed": 7.264759221302299,
        "brake": 0.0,
        "id": 15054,
        "ego_matrix": [
            [
                0.9991676807403564,
                -0.04040168970823288,
                0.005624368786811829,
                324.87652587890625
            ],
            [
                0.04043883457779884,
                0.9991598129272461,
                -0.0066542248241603374,
                49.02742385864258
            ],
            [
                -0.005350802093744278,
                0.006876129657030106,
                0.9999620318412781,
                0.0023726285435259342
            ],
            [
                0.0,
                0.0,
                0.0,
                1.0
            ]
        ]
    },
    {
        "class": "Car",
        "extent": [
            1.4106584787368774,
            5.357479572296143,
            2.033203125
        ],
        "position": [
            -5.726385627525514,
            9.851371000340135,
            -2.555418053386216
        ],
        "yaw": -0.1654212357150877,
        "num_points": 145,
        "distance": 11.677806487908832,
        "speed": 4.7525048932658365,
        "brake": 0.0,
        "id": 15060,
        "ego_matrix": [
            [
                0.9999998807907104,
                0.0004910868010483682,
                -8.332754077855498e-05,
                342.0140075683594
            ],
            [
                -0.0004910868592560291,
                0.9999998807907104,
                -4.917110913993383e-07,
                41.8093147277832
            ],
            [
                8.332728612003848e-05,
                5.326321002030454e-07,
                1.0,
                -0.007837123237550259
            ],
            [
                0.0,
                0.0,
                0.0,
                1.0
            ]
        ]
    },
    {
        "class": "Car",
        "extent": [
            1.2765706777572632,
            2.3557403087615967,
            0.7636788487434387
        ],
        "position": [
            42.24550987884801,
            21.276376640595746,
            -2.597866405835095
        ],
        "yaw": -0.1367686871667019,
        "num_points": 0,
        "distance": 47.37210379262145,
        "speed": 8.04202649625084,
        "brake": 0.0,
        "id": 15173,
        "ego_matrix": [
            [
                0.9995541572570801,
                -0.028123291209340096,
                -0.01002888660877943,
                391.2107238769531
            ],
            [
                0.028156351298093796,
                0.999598503112793,
                0.003170623444020748,
                38.415489196777344
            ],
            [
                0.009935691952705383,
                -0.0034515864681452513,
                0.9999446868896484,
                -0.028195666149258614
            ],
            [
                0.0,
                0.0,
                0.0,
                1.0
            ]
        ]
    }
]