[
    {
        "class": "Car",
        "extent": [
            1.5107464790344238,
            4.901683330535889,
            2.128324270248413
        ],
        "position": [
            -1.3,
            0.0,
            -2.5
        ],
        "yaw": 0,
        "num_points": -1,
        "distance": -1,
        "speed": 3.728113531965528,
        "brake": 0.0,
        "id": 14985,
        "ego_matrix": [
            [
                0.9991235136985779,
                -0.041857194155454636,
                0.0004689832858275622,
                346.7758483886719
            ],
            [
                0.04185687005519867,
                0.9991233944892883,
                0.0006901604356244206,
                52.293182373046875
            ],
            [
                -0.0004974603652954102,
                -0.0006699253572151065,
                0.9999996423721313,
                0.03366462513804436
            ],
            [
                0.0,
                0.0,
                0.0,
                1.0
            ]
        ]
    },
    {
        "class": "Car",
        "extent": [
            1.5470870733261108,
            3.705369472503662,
            1.7886788845062256
        ],
        "position": [
            -6.67416177786204,
            6.80308932551361,
            -2.5508925657740504
        ],
        "yaw": -0.04269628129409792,
        "num_points": 146,
        "distance": 9.86577481448432,
        "speed": 9.316113429223698,
        "brake": 0.0,
        "id": 15016,
        "ego_matrix": [
            [
                0.9999855160713196,
                0.0008213508990593255,
                -0.00531355757266283,
                341.6911315917969
            ],
            [
                -0.0008271660190075636,
                0.9999990463256836,
                -0.0010922944638878107,
                45.27107620239258
            ],
            [
                0.005312655586749315,
                0.0010966738918796182,
                0.9999852776527405,
                -0.009996929205954075
            ],
            [
                0.0,
                0.0,
                0.0,
                1.0
            ]
        ]
    },
    {
        "class": "Car",
        "extent": [
            1.4738311767578125,
            4.1928300857543945,
            1.8161858320236206
        ],
        "position": [
            -45.31860809050604,
            -1.812979491873918,
            -2.5594414183323932
        ],
        "yaw": -0.04351866530867723,
        "num_points": 0,
        "distance": 45.42701700830366,
        "speed": 11.426169384209278,
        "brake": 0.0,
        "id": 15033,
        "ego_matrix": [
            [
                0.9999983310699463,
                0.0016495386371389031,
                -0.0007541660452261567,
                302.71990966796875
            ],
            [
                -0.0016495606396347284,
                0.9999986290931702,
                -2.85833993984852e-05,
                52.26205062866211
            ],
            [
                0.0007541179074905813,
                2.9827393518644385e-05,
                0.9999997019767761,
                -0.005093822255730629
            ],
            [
                0.0,
                0.0,
                0.0,
                1.0
            ]
        ]
    },
    {
        "class": "Car",
        "extent": [
            1.1454535722732544,
            2.0333523750305176,
            0.8025798797607422
        ],
        "position": [
            -19.30542533889491,
            2.408374301604369,
            -2.5419561538782642
        ],
        "yaw": -0.023299561532831515,
        "num_points": 1,
        "distance": 19.62042954118267,
        "speed": 8.561510171028969,
        "brake": 0.0,
        "id": 15054,
        "ego_matrix": [
            [
                0.9998175501823425,
                -0.018543267622590065,
                0.004577214363962412,
                328.8869934082031
            ],
            [
                0.018568288534879684,
                0.9998125433921814,
                -0.005486192647367716,
                49.13323974609375
            ],
            [
                -0.004474624525755644,
                0.005570183042436838,
                0.9999744892120361,
                0.0022789014037698507
            ],
            [
                0.0,
                0.0,
                0.0,
                1.0
            ]
        ]
    },
    {
        "class": "Car",
        "extent": [
            1.4106584787368774,
            5.357479572296143,
            2.033203125
        ],
        "position": [
            -4.122044014019778,
            10.375978398251762,
            -2.549856750976427
        ],
        "yaw": -0.04236019029951134,
        "num_points": 160,
        "distance": 11.452246243641618,
        "speed": 4.752504893096501,
        "brake": 0.0,
        "id": 15060,
        "ego_matrix": [
            [
                0.9999998807907104,
                0.0004910868010483682,
                -8.332754077855498e-05,
                344.39056396484375
            ],
            [
                -0.0004910868592560291,
                0.9999998807907104,
                -4.917110913993383e-07,
                41.808143615722656
            ],
            [
                8.332728612003848e-05,
                5.326321002030454e-07,
                1.0,
                -0.007837123237550259
            ],
            [
                0.0,
                0.0,
                0.0,
                1.0
            ]
        ]
    }
]