[
    {
        "class": "Car",
        "extent": [
            1.5107464790344238,
            4.901683330535889,
            2.128324270248413
        ],
        "position": [
            -1.3,
            0.0,
            -2.5
        ],
        "yaw": 0,
        "num_points": -1,
        "distance": -1,
        "speed": 4.150099562794804,
        "brake": 0.0,
        "id": 14985,
        "ego_matrix": [
            [
                0.9998264312744141,
                0.018624043092131615,
                -0.0005068082828074694,
                348.7115478515625
            ],
            [
                -0.01862400211393833,
                0.9998265504837036,
                8.526218880433589e-05,
                52.22694396972656
            ],
            [
                0.0005083083524368703,
                -7.580859528388828e-05,
                0.9999998807907104,
                0.033164288848638535
            ],
            [
                0.0,
                0.0,
                0.0,
                1.0
            ]
        ]
    },
    {
        "class": "Car",
        "extent": [
            1.5470870733261108,
            3.705369472503662,
            1.7886788845062256
        ],
        "position": [
            -3.224312947755646,
            6.9964789796957705,
            -2.542245142689527
        ],
        "yaw": 0.017898038341391923,
        "num_points": 295,
        "distance": 8.112331506041771,
        "speed": 10.46741858057319,
        "brake": 0.0,
        "id": 15016,
        "ego_matrix": [
            [
                0.9999901652336121,
                0.0007222185959108174,
                -0.004386610817164183,
                346.65728759765625
            ],
            [
                -0.0007270359201356769,
                0.9999991655349731,
                -0.0010966963600367308,
                45.267513275146484
            ],
            [
                0.004385815002024174,
                0.0010998747311532497,
                0.9999898076057434,
                -0.009528598748147488
            ],
            [
                0.0,
                0.0,
                0.0,
                1.0
            ]
        ]
    },
    {
        "class": "Car",
        "extent": [
            1.4738311767578125,
            4.1928300857543945,
            1.8161858320236206
        ],
        "position": [
            -41.37984061648162,
            0.7194172733427718,
            -2.517943169457128
        ],
        "yaw": 0.017487911663556885,
        "num_points": 0,
        "distance": 41.46261941150392,
        "speed": 12.149597872938168,
        "brake": 0.0,
        "id": 15033,
        "ego_matrix": [
            [
                0.9999990463256836,
                0.0011371442815288901,
                -0.0007986181299202144,
                308.6252746582031
            ],
            [
                -0.0011371690779924393,
                0.9999993443489075,
                -3.051715248147957e-05,
                52.25409698486328
            ],
            [
                0.0007985829142853618,
                3.1425286579178646e-05,
                0.9999997019767761,
                -0.005097255576401949
            ],
            [
                0.0,
                0.0,
                0.0,
                1.0
            ]
        ]
    },
    {
        "class": "Car",
        "extent": [
            1.1454535722732544,
            2.0333523750305176,
            0.8025798797607422
        ],
        "position": [
            -16.558249734700777,
            3.33269260645366,
            -2.5237776695398115
        ],
        "yaw": 0.023555256726546795,
        "num_points": 8,
        "distance": 17.07781976749658,
        "speed": 9.075899911754657,
        "brake": 0.0,
        "id": 15054,
        "ego_matrix": [
            [
                0.9999874234199524,
                -0.004926517140120268,
                0.0009589571272954345,
                333.3938903808594
            ],
            [
                0.004930153489112854,
                0.9999805092811584,
                -0.003827065462246537,
                49.17899703979492
            ],
            [
                -0.0009400842827744782,
                0.0038317451253533363,
                0.9999922513961792,
                0.0018833745270967484
            ],
            [
                0.0,
                0.0,
                0.0,
                1.0
            ]
        ]
    },
    {
        "class": "Car",
        "extent": [
            1.4106584787368774,
            5.357479572296143,
            2.033203125
        ],
        "position": [
            -3.050018756920146,
            10.454373551798453,
            -2.540904438466328
        ],
        "yaw": 0.018133994478991527,
        "num_points": 5,
        "distance": 11.182698070838075,
        "speed": 4.7525048910059695,
        "brake": 0.0,
        "id": 15060,
        "ego_matrix": [
            [
                0.9999998807907104,
                0.0004910868010483682,
                -8.332754077855498e-05,
                346.76715087890625
            ],
            [
                -0.0004910868592560291,
                0.9999998807907104,
                -4.917110913993383e-07,
                41.80697250366211
            ],
            [
                8.332728612003848e-05,
                5.326321002030454e-07,
                1.0,
                -0.007837161421775818
            ],
            [
                0.0,
                0.0,
                0.0,
                1.0
            ]
        ]
    }
]