[
    {
        "class": "Car",
        "extent": [
            1.5107464790344238,
            4.901683330535889,
            2.128324270248413
        ],
        "position": [
            -1.3,
            0.0,
            -2.5
        ],
        "yaw": 0,
        "num_points": -1,
        "distance": -1,
        "speed": 3.738554485956959,
        "brake": 0.0,
        "id": 14985,
        "ego_matrix": [
            [
                0.9996733069419861,
                0.025559376925230026,
                0.00020142910943832248,
                350.63580322265625
            ],
            [
                -0.025559300556778908,
                0.9996732473373413,
                -0.00037704885471612215,
                52.168270111083984
            ],
            [
                -0.00021100042795296758,
                0.000371777277905494,
                0.9999999403953552,
                0.033522337675094604
            ],
            [
                0.0,
                0.0,
                0.0,
                1.0
            ]
        ]
    },
    {
        "class": "Car",
        "extent": [
            1.300939917564392,
            4.717525005340576,
            1.894826889038086
        ],
        "position": [
            -48.97065653858067,
            11.567371504569024,
            -2.5446889204035457
        ],
        "yaw": -0.017620541116994865,
        "num_points": 0,
        "distance": 50.38258356859019,
        "speed": 13.760624875570356,
        "brake": 0.0,
        "id": 14991,
        "ego_matrix": [
            [
                0.9990677833557129,
                0.04316922277212143,
                -2.3362146748695523e-05,
                302.68505859375
            ],
            [
                -0.04316920414566994,
                0.9990676641464233,
                0.0004976305644959211,
                41.823123931884766
            ],
            [
                4.482268923311494e-05,
                -0.0004961581435054541,
                0.9999998807907104,
                -0.0054085347801446915
            ],
            [
                0.0,
                0.0,
                0.0,
                1.0
            ]
        ]
    },
    {
        "class": "Car",
        "extent": [
            1.5470870733261108,
            3.705369472503662,
            1.7886788845062256
        ],
        "position": [
            0.2749429572939468,
            6.866163262606185,
            -2.5383777666124567
        ],
        "yaw": 0.024964470107845343,
        "num_points": 405,
        "distance": 7.325513856690246,
        "speed": 10.77397317624206,
        "brake": 0.0,
        "id": 15016,
        "ego_matrix": [
            [
                0.999999463558197,
                0.0005966649623587728,
                -0.0008505086880177259,
                352.03472900390625
            ],
            [
                -0.0005976129323244095,
                0.9999992251396179,
                -0.0011148231569677591,
                45.26411056518555
            ],
            [
                0.0008498428505845368,
                0.0011153309606015682,
                0.9999990463256836,
                -0.00774042122066021
            ],
            [
                0.0,
                0.0,
                0.0,
                1.0
            ]
        ]
    },
    {
        "class": "Car",
        "extent": [
            1.4738311767578125,
            4.1928300857543945,
            1.8161858320236206
        ],
        "position": [
            -37.07950867236482,
            0.8343943549916228,
            -2.5458441182655505
        ],
        "yaw": 0.024882444681252322,
        "num_points": 5,
        "distance": 37.17616843621901,
        "speed": 12.663762593121461,
        "brake": 0.0,
        "id": 15033,
        "ego_matrix": [
            [
                0.9999995827674866,
                0.0006796208908781409,
                -0.0005941591807641089,
                314.8466491699219
            ],
            [
                -0.0006796384695917368,
                0.9999997615814209,
                -2.9423594241961837e-05,
                52.24866485595703
            ],
            [
                0.0005941390409134328,
                2.982739533763379e-05,
                0.9999998211860657,
                -0.005082492716610432
            ],
            [
                0.0,
                0.0,
                0.0,
                1.0
            ]
        ]
    },
    {
        "class": "Car",
        "extent": [
            1.1454535722732544,
            2.0333523750305176,
            0.8025798797607422
        ],
        "position": [
            -13.928187769026538,
            3.316337252335459,
            -2.5327052666687866
        ],
        "yaw": 0.02119449913869201,
        "num_points": 14,
        "distance": 14.539845366038119,
        "speed": 9.481534393914199,
        "brake": 0.0,
        "id": 15054,
        "ego_matrix": [
            [
                0.9999812841415405,
                0.004379079677164555,
                0.0042747147381305695,
                337.9269714355469
            ],
            [
                -0.004367530345916748,
                0.9999867677688599,
                -0.0027074201498180628,
                49.17579650878906
            ],
            [
                -0.00428651412948966,
                0.0026886994019150734,
                0.9999871850013733,
                0.002248689066618681
            ],
            [
                0.0,
                0.0,
                0.0,
                1.0
            ]
        ]
    },
    {
        "class": "Car",
        "extent": [
            1.4106584787368774,
            5.357479572296143,
            2.033203125
        ],
        "position": [
            -2.526742310502339,
            10.397235174469177,
            -2.5377528530425706
        ],
        "yaw": 0.025070996486429933,
        "num_points": 126,
        "distance": 10.996686570054978,
        "speed": 4.752504892656336,
        "brake": 0.0,
        "id": 15060,
        "ego_matrix": [
            [
                0.9999998807907104,
                0.0004910868010483682,
                -8.332754077855498e-05,
                349.1437072753906
            ],
            [
                -0.0004910868592560291,
                0.9999998807907104,
                -4.917110913993383e-07,
                41.80580139160156
            ],
            [
                8.332728612003848e-05,
                5.326321002030454e-07,
                1.0,
                -0.007837123237550259
            ],
            [
                0.0,
                0.0,
                0.0,
                1.0
            ]
        ]
    }
]