[
    {
        "class": "Car",
        "extent": [
            1.5107464790344238,
            4.901683330535889,
            2.128324270248413
        ],
        "position": [
            -1.3,
            0.0,
            -2.5
        ],
        "yaw": 0,
        "num_points": -1,
        "distance": -1,
        "speed": 3.9102383097209956,
        "brake": 0.0,
        "id": 14985,
        "ego_matrix": [
            [
                0.999995768070221,
                0.00291672651655972,
                0.00011409191938582808,
                352.63995361328125
            ],
            [
                -0.002916689496487379,
                0.9999957084655762,
                -0.0003241745289415121,
                52.16724395751953
            ],
            [
                -0.00011503695714054629,
                0.0003238403587602079,
                0.9999999403953552,
                0.03347461670637131
            ],
            [
                0.0,
                0.0,
                0.0,
                1.0
            ]
        ]
    },
    {
        "class": "Car",
        "extent": [
            1.300939917564392,
            4.717525005340576,
            1.894826889038086
        ],
        "position": [
            -44.355718823371156,
            10.913962822981402,
            -2.540304364972829
        ],
        "yaw": -0.0790479810253199,
        "num_points": 0,
        "distance": 45.74928986450044,
        "speed": 13.76797297056395,
        "brake": 0.0,
        "id": 14991,
        "ego_matrix": [
            [
                0.9966427683830261,
                0.08187293261289597,
                -2.641753962961957e-05,
                309.5525817871094
            ],
            [
                -0.08187292516231537,
                0.9966427087783813,
                0.0003001420700456947,
                41.37892150878906
            ],
            [
                5.090236300020479e-05,
                -0.00029697155696339905,
                0.9999999403953552,
                -0.005411128979176283
            ],
            [
                0.0,
                0.0,
                0.0,
                1.0
            ]
        ]
    },
    {
        "class": "Car",
        "extent": [
            1.5470870733261108,
            3.705369472503662,
            1.7886788845062256
        ],
        "position": [
            3.6144135833926248,
            6.8915622910907866,
            -2.5402898831477194
        ],
        "yaw": 0.0024218785002623157,
        "num_points": 246,
        "distance": 8.186005683739797,
        "speed": 11.541067620098925,
        "brake": 0.0,
        "id": 15016,
        "ego_matrix": [
            [
                0.9999895095825195,
                0.0004898059414699674,
                -0.004554677288979292,
                357.53424072265625
            ],
            [
                -0.0004948101122863591,
                0.9999992847442627,
                -0.0010976316407322884,
                45.261390686035156
            ],
            [
                0.00455413619056344,
                0.0010998737998306751,
                0.9999890327453613,
                -0.009612369351089
            ],
            [
                0.0,
                0.0,
                0.0,
                1.0
            ]
        ]
    },
    {
        "class": "Car",
        "extent": [
            1.4738311767578125,
            4.1928300857543945,
            1.8161858320236206
        ],
        "position": [
            -32.79581875530321,
            0.013386021995088556,
            -2.5421329300891653
        ],
        "yaw": 0.002599244963843011,
        "num_points": 0,
        "distance": 32.894199288788386,
        "speed": 12.530775590526357,
        "brake": 0.0,
        "id": 15033,
        "ego_matrix": [
            [
                0.9999999403953552,
                0.0003174487501382828,
                -1.7959170008907677e-06,
                321.14422607421875
            ],
            [
                -0.0003174488083459437,
                0.9999999403953552,
                -2.4500510335201398e-05,
                52.24573516845703
            ],
            [
                1.788139229574881e-06,
                2.4501079678884707e-05,
                1.0,
                -0.005039462819695473
            ],
            [
                0.0,
                0.0,
                0.0,
                1.0
            ]
        ]
    },
    {
        "class": "Car",
        "extent": [
            1.1454535722732544,
            2.0333523750305176,
            0.8025798797607422
        ],
        "position": [
            -10.825611368193623,
            3.055066366634774,
            -2.5311301939856308
        ],
        "yaw": -0.005457882077934066,
        "num_points": 21,
        "distance": 11.529696963000013,
        "speed": 11.096285884298744,
        "brake": 0.0,
        "id": 15054,
        "ego_matrix": [
            [
                0.9999474883079529,
                0.00838130060583353,
                0.00589784886687994,
                343.10546875
            ],
            [
                -0.008374331519007683,
                0.9999642372131348,
                -0.0012052454985678196,
                49.139984130859375
            ],
            [
                -0.005907739046961069,
                0.0011557916877791286,
                0.9999818801879883,
                0.002450868021696806
            ],
            [
                0.0,
                0.0,
                0.0,
                1.0
            ]
        ]
    },
    {
        "class": "Car",
        "extent": [
            1.4106584787368774,
            5.357479572296143,
            2.033203125
        ],
        "position": [
            -2.3894559129831823,
            10.3658522288972,
            -2.5380801884117927
        ],
        "yaw": 0.0024256069257884262,
        "num_points": 191,
        "distance": 10.936281042211368,
        "speed": 4.752504892596785,
        "brake": 0.0,
        "id": 15060,
        "ego_matrix": [
            [
                0.9999998807907104,
                0.0004910868010483682,
                -8.332754077855498e-05,
                351.520263671875
            ],
            [
                -0.0004910868592560291,
                0.9999998807907104,
                -4.917110913993383e-07,
                41.80462646484375
            ],
            [
                8.332728612003848e-05,
                5.326321002030454e-07,
                1.0,
                -0.007837123237550259
            ],
            [
                0.0,
                0.0,
                0.0,
                1.0
            ]
        ]
    }
]