[
    {
        "class": "Car",
        "extent": [
            1.5107464790344238,
            4.901683330535889,
            2.128324270248413
        ],
        "position": [
            -1.3,
            0.0,
            -2.5
        ],
        "yaw": 0,
        "num_points": -1,
        "distance": -1,
        "speed": 4.05915889754657,
        "brake": 0.0,
        "id": 14985,
        "ego_matrix": [
            [
                0.9998362064361572,
                -0.01809128373861313,
                -0.0004418858152348548,
                354.53582763671875
            ],
            [
                0.018091218546032906,
                0.9998363256454468,
                -0.00015023161540739238,
                52.21059799194336
            ],
            [
                0.00044453138252720237,
                0.0001422127679688856,
                0.9999998807907104,
                0.0331961065530777
            ],
            [
                0.0,
                0.0,
                0.0,
                1.0
            ]
        ]
    },
    {
        "class": "Car",
        "extent": [
            1.300939917564392,
            4.717525005340576,
            1.894826889038086
        ],
        "position": [
            -39.63032112819998,
            10.79094329987613,
            -2.5200336729173496
        ],
        "yaw": -0.1235092450240637,
        "num_points": 2,
        "distance": 41.15042380994432,
        "speed": 13.773402510387669,
        "brake": 0.0,
        "id": 14991,
        "ego_matrix": [
            [
                0.9944487810134888,
                0.10522190481424332,
                -3.057787398574874e-05,
                316.4070129394531
            ],
            [
                -0.10522189736366272,
                0.9944487810134888,
                0.00019477156456559896,
                40.72798156738281
            ],
            [
                5.090236300020479e-05,
                -0.0001904728851513937,
                1.0,
                -0.005411205347627401
            ],
            [
                0.0,
                0.0,
                0.0,
                1.0
            ]
        ]
    },
    {
        "class": "Car",
        "extent": [
            1.5470870733261108,
            3.705369472503662,
            1.7886788845062256
        ],
        "position": [
            7.6337643408965254,
            7.114663918894188,
            -2.545425120366458
        ],
        "yaw": -0.018538020885963895,
        "num_points": 100,
        "distance": 10.74113540248659,
        "speed": 12.573809047465444,
        "brake": 0.0,
        "id": 15016,
        "ego_matrix": [
            [
                0.9999923706054688,
                0.00044156453805044293,
                -0.0038704872131347656,
                363.59686279296875
            ],
            [
                -0.0004458097682800144,
                0.9999992847442627,
                -0.0010960294166579843,
                45.25872802734375
            ],
            [
                0.003870000597089529,
                0.0010977465426549315,
                0.9999918937683105,
                -0.009269466623663902
            ],
            [
                0.0,
                0.0,
                0.0,
                1.0
            ]
        ]
    },
    {
        "class": "Car",
        "extent": [
            1.4738311767578125,
            4.1928300857543945,
            1.8161858320236206
        ],
        "position": [
            -28.33793461352662,
            -0.5235937532595253,
            -2.526281019334258
        ],
        "yaw": -0.018082361064760508,
        "num_points": 11,
        "distance": 28.45513634421053,
        "speed": 12.554633029818953,
        "brake": 1.0,
        "id": 15033,
        "ego_matrix": [
            [
                1.0,
                -9.843743100645952e-06,
                0.0001348259102087468,
                327.49285888671875
            ],
            [
                9.846687134995591e-06,
                1.0,
                -2.1836591258761473e-05,
                52.24496078491211
            ],
            [
                -0.00013482569193001837,
                2.183791912102606e-05,
                1.0,
                -0.005029659252613783
            ],
            [
                0.0,
                0.0,
                0.0,
                1.0
            ]
        ]
    },
    {
        "class": "Car",
        "extent": [
            1.1454535722732544,
            2.0333523750305176,
            0.8025798797607422
        ],
        "position": [
            -6.922386404403238,
            3.0241953271612148,
            -2.527993580791728
        ],
        "yaw": -0.028069470298677575,
        "num_points": 64,
        "distance": 7.965923829237555,
        "speed": 12.2035783317269,
        "brake": 0.0,
        "id": 15054,
        "ego_matrix": [
            [
                0.9999409914016724,
                0.009979396127164364,
                0.004292760975658894,
                348.9690856933594
            ],
            [
                -0.009977004490792751,
                0.999950110912323,
                -0.0005781532963737845,
                49.08518600463867
            ],
            [
                -0.004298315849155188,
                0.0005352902808226645,
                0.9999906420707703,
                0.0022731220815330744
            ],
            [
                0.0,
                0.0,
                0.0,
                1.0
            ]
        ]
    },
    {
        "class": "Car",
        "extent": [
            1.4106584787368774,
            5.357479572296143,
            2.033203125
        ],
        "position": [
            -2.1271990355155834,
            10.393884625024825,
            -2.539187374668344
        ],
        "yaw": -0.01858329459198595,
        "num_points": 187,
        "distance": 10.908954388881686,
        "speed": 4.752504892734895,
        "brake": 0.0,
        "id": 15060,
        "ego_matrix": [
            [
                0.9999998807907104,
                0.0004910868010483682,
                -8.332754077855498e-05,
                353.8968200683594
            ],
            [
                -0.0004910868592560291,
                0.9999998807907104,
                -4.917110913993383e-07,
                41.8034553527832
            ],
            [
                8.332728612003848e-05,
                5.326321002030454e-07,
                1.0,
                -0.007837123237550259
            ],
            [
                0.0,
                0.0,
                0.0,
                1.0
            ]
        ]
    }
]