[
    {
        "class": "Car",
        "extent": [
            1.5107464790344238,
            4.901683330535889,
            2.128324270248413
        ],
        "position": [
            -1.3,
            0.0,
            -2.5
        ],
        "yaw": 0,
        "num_points": -1,
        "distance": -1,
        "speed": 3.657210137947801,
        "brake": 0.0,
        "id": 14985,
        "ego_matrix": [
            [
                0.9996354579925537,
                -0.026994505897164345,
                0.0004894855665042996,
                356.5082702636719
            ],
            [
                0.026994476094841957,
                0.9996355772018433,
                6.797713285777718e-05,
                52.26924514770508
            ],
            [
                -0.0004911422147415578,
                -5.473894634633325e-05,
                0.9999998807907104,
                0.033661842346191406
            ],
            [
                0.0,
                0.0,
                0.0,
                1.0
            ]
        ]
    },
    {
        "class": "Car",
        "extent": [
            1.300939917564392,
            4.717525005340576,
            1.894826889038086
        ],
        "position": [
            -34.87895041463623,
            11.423636888996773,
            -2.556190335710098
        ],
        "yaw": -0.14537537050313307,
        "num_points": 7,
        "distance": 36.790960449962135,
        "speed": 13.777636976370657,
        "brake": 0.0,
        "id": 14991,
        "ego_matrix": [
            [
                0.9930015206336975,
                0.1181013286113739,
                -4.663144500227645e-05,
                323.2499084472656
            ],
            [
                -0.1181013286113739,
                0.9930015206336975,
                3.892645690939389e-05,
                39.943321228027344
            ],
            [
                5.090236300020479e-05,
                -3.314679634058848e-05,
                1.0,
                -0.005411128979176283
            ],
            [
                0.0,
                0.0,
                0.0,
                1.0
            ]
        ]
    },
    {
        "class": "Car",
        "extent": [
            1.5470870733261108,
            3.705369472503662,
            1.7886788845062256
        ],
        "position": [
            12.032236738690509,
            7.375563485419149,
            -2.5360431540240254
        ],
        "yaw": -0.02737965744837812,
        "num_points": 45,
        "distance": 14.33893903126776,
        "speed": 13.102482099699717,
        "brake": 0.0,
        "id": 15016,
        "ego_matrix": [
            [
                0.999997079372406,
                0.0003792463685385883,
                -0.002401054371148348,
                370.03472900390625
            ],
            [
                -0.00038189615588635206,
                0.9999993443489075,
                -0.0011032293550670147,
                45.256263732910156
            ],
            [
                0.0024006343446671963,
                0.0011041430989280343,
                0.999996542930603,
                -0.008525600656867027
            ],
            [
                0.0,
                0.0,
                0.0,
                1.0
            ]
        ]
    },
    {
        "class": "Car",
        "extent": [
            1.4738311767578125,
            4.1928300857543945,
            1.8161858320236206
        ],
        "position": [
            -25.277933025663955,
            -0.6237063562492271,
            -2.5501830488614554
        ],
        "yaw": -0.02693858123095783,
        "num_points": 12,
        "distance": 25.413900551695686,
        "speed": 8.190940333832797,
        "brake": 0.30970829725265503,
        "id": 15033,
        "ego_matrix": [
            [
                0.9999935030937195,
                -5.915019937674515e-05,
                0.003598444163799286,
                332.522216796875
            ],
            [
                5.9178564697504044e-05,
                1.0,
                -7.776531674608123e-06,
                52.24544906616211
            ],
            [
                -0.0035984436981379986,
                7.98943165136734e-06,
                0.9999935030937195,
                -0.004778766538947821
            ],
            [
                0.0,
                0.0,
                0.0,
                1.0
            ]
        ]
    },
    {
        "class": "Car",
        "extent": [
            1.1454535722732544,
            2.0333523750305176,
            0.8025798797607422
        ],
        "position": [
            -2.7157650859727713,
            3.2111038157636633,
            -2.5325534177018
        ],
        "yaw": -0.03754174548781716,
        "num_points": 83,
        "distance": 4.909215266344889,
        "speed": 12.520208463232011,
        "brake": 0.0,
        "id": 15054,
        "ego_matrix": [
            [
                0.9999428391456604,
                0.010544135235249996,
                0.0017608203925192356,
                355.1796875
            ],
            [
                -0.01054377295076847,
                0.9999443888664246,
                -0.00021458626724779606,
                49.02109146118164
            ],
            [
                -0.0017629851354286075,
                0.00019600831728894264,
                0.9999984502792358,
                0.0019795431289821863
            ],
            [
                0.0,
                0.0,
                0.0,
                1.0
            ]
        ]
    },
    {
        "class": "Car",
        "extent": [
            1.4106584787368774,
            5.357479572296143,
            2.033203125
        ],
        "position": [
            -1.8173379142477257,
            10.456803394151088,
            -2.542325489937279
        ],
        "yaw": -0.027488847020562077,
        "num_points": 186,
        "distance": 10.913792796973782,
        "speed": 4.752504892408714,
        "brake": 0.0,
        "id": 15060,
        "ego_matrix": [
            [
                0.9999998807907104,
                0.0004910868010483682,
                -8.332754077855498e-05,
                356.27337646484375
            ],
            [
                -0.0004910868592560291,
                0.9999998807907104,
                -4.917110913993383e-07,
                41.802284240722656
            ],
            [
                8.332728612003848e-05,
                5.326321002030454e-07,
                1.0,
                -0.007837161421775818
            ],
            [
                0.0,
                0.0,
                0.0,
                1.0
            ]
        ]
    }
]