[
    {
        "class": "Car",
        "extent": [
            1.5107464790344238,
            4.901683330535889,
            2.128324270248413
        ],
        "position": [
            -1.3,
            0.0,
            -2.5
        ],
        "yaw": 0,
        "num_points": -1,
        "distance": -1,
        "speed": 4.082743168321295,
        "brake": 0.0,
        "id": 14985,
        "ego_matrix": [
            [
                0.9997617602348328,
                -0.021823372691869736,
                -0.0003021773009095341,
                358.48040771484375
            ],
            [
                0.021823424845933914,
                0.9997618198394775,
                0.0001761281309882179,
                52.31258010864258
            ],
            [
                0.00029826161335222423,
                -0.0001826807128963992,
                0.9999999403953552,
                0.03326889127492905
            ],
            [
                0.0,
                0.0,
                0.0,
                1.0
            ]
        ]
    },
    {
        "class": "Car",
        "extent": [
            1.300939917564392,
            4.717525005340576,
            1.894826889038086
        ],
        "position": [
            -29.967440177205987,
            12.541639462624161,
            -2.5324205114806277
        ],
        "yaw": -0.1320897066267306,
        "num_points": 11,
        "distance": 32.584556845718176,
        "speed": 13.780176549216106,
        "brake": 0.0,
        "id": 14991,
        "ego_matrix": [
            [
                0.993927001953125,
                0.11004123836755753,
                -6.723764090565965e-05,
                330.093505859375
            ],
            [
                -0.11004124581813812,
                0.993927001953125,
                -0.00014581943105440587,
                39.14830017089844
            ],
            [
                5.0783153710654005e-05,
                0.00015233279555104673,
                1.0,
                -0.0054108998738229275
            ],
            [
                0.0,
                0.0,
                0.0,
                1.0
            ]
        ]
    },
    {
        "class": "Car",
        "extent": [
            1.5470870733261108,
            3.705369472503662,
            1.7886788845062256
        ],
        "position": [
            16.691587448592497,
            7.452861183093376,
            -2.5476115061080726
        ],
        "yaw": -0.022122899948724958,
        "num_points": 26,
        "distance": 18.456558610817044,
        "speed": 13.160396616344698,
        "brake": 0.0,
        "id": 15016,
        "ego_matrix": [
            [
                0.9999997615814209,
                0.00029707211069762707,
                -0.000601384206674993,
                376.63037109375
            ],
            [
                -0.0002977413241751492,
                0.9999993443489075,
                -0.0011130217462778091,
                45.25412368774414
            ],
            [
                0.0006010531797073781,
                0.0011132005602121353,
                0.9999992251396179,
                -0.00761491758748889
            ],
            [
                0.0,
                0.0,
                0.0,
                1.0
            ]
        ]
    },
    {
        "class": "Car",
        "extent": [
            1.4738311767578125,
            4.1928300857543945,
            1.8161858320236206
        ],
        "position": [
            -23.4856115180837,
            -0.4185898796135988,
            -2.531557512469854
        ],
        "yaw": -0.02136962974329893,
        "num_points": 0,
        "distance": 23.625366649104166,
        "speed": 7.256329450183318,
        "brake": 0.0,
        "id": 15033,
        "ego_matrix": [
            [
                0.9999995827674866,
                -0.0004555175546556711,
                0.0007814232376404107,
                336.29095458984375
            ],
            [
                0.00045552864321507514,
                0.9999998807907104,
                -1.402510952175362e-05,
                52.24689865112305
            ],
            [
                -0.0007814167765900493,
                1.4381064829649404e-05,
                0.9999997019767761,
                -0.0049822041764855385
            ],
            [
                0.0,
                0.0,
                0.0,
                1.0
            ]
        ]
    },
    {
        "class": "Car",
        "extent": [
            1.1454535722732544,
            2.0333523750305176,
            0.8025798797607422
        ],
        "position": [
            1.5827588807539306,
            3.4217607034713944,
            -2.5328788935191606
        ],
        "yaw": -0.03249963981232169,
        "num_points": 32,
        "distance": 4.5419211216908355,
        "speed": 12.494994042108974,
        "brake": 0.0,
        "id": 15054,
        "ego_matrix": [
            [
                0.9999426007270813,
                0.0106743099167943,
                0.0009007954504340887,
                361.4371643066406
            ],
            [
                -0.01067427359521389,
                0.9999430179595947,
                -4.477161564864218e-05,
                48.95454025268555
            ],
            [
                -0.0009012220543809235,
                3.5153709177393466e-05,
                0.9999995827674866,
                0.001874905894510448
            ],
            [
                0.0,
                0.0,
                0.0,
                1.0
            ]
        ]
    },
    {
        "class": "Car",
        "extent": [
            1.4106584787368774,
            5.357479572296143,
            2.033203125
        ],
        "position": [
            -1.3598932008548046,
            10.512656124253693,
            -2.543008651152642
        ],
        "yaw": -0.022316245411355417,
        "num_points": 198,
        "distance": 10.901015608849342,
        "speed": 4.752504892194521,
        "brake": 0.0,
        "id": 15060,
        "ego_matrix": [
            [
                0.9999998807907104,
                0.0004910868010483682,
                -8.332754077855498e-05,
                358.64996337890625
            ],
            [
                -0.0004910868592560291,
                0.9999998807907104,
                -4.917110913993383e-07,
                41.80111312866211
            ],
            [
                8.332728612003848e-05,
                5.326321002030454e-07,
                1.0,
                -0.007837161421775818
            ],
            [
                0.0,
                0.0,
                0.0,
                1.0
            ]
        ]
    }
]