[
    {
        "class": "Car",
        "extent": [
            1.5107464790344238,
            4.901683330535889,
            2.128324270248413
        ],
        "position": [
            -1.3,
            0.0,
            -2.5
        ],
        "yaw": 0,
        "num_points": -1,
        "distance": -1,
        "speed": 3.87997863433818,
        "brake": 0.0,
        "id": 14985,
        "ego_matrix": [
            [
                0.9999542832374573,
                -0.009564990177750587,
                -0.00011895793431904167,
                360.3817443847656
            ],
            [
                0.00956500880420208,
                0.9999542832374573,
                0.00016009855607990175,
                52.32700729370117
            ],
            [
                0.00011742114293156192,
                -0.00016122906527016312,
                1.0,
                0.03335883840918541
            ],
            [
                0.0,
                0.0,
                0.0,
                1.0
            ]
        ]
    },
    {
        "class": "Car",
        "extent": [
            1.300939917564392,
            4.717525005340576,
            1.894826889038086
        ],
        "position": [
            -24.859144075713676,
            13.5902639098045,
            -2.5381942385653784
        ],
        "yaw": -0.08445806352287624,
        "num_points": 14,
        "distance": 28.44494238538569,
        "speed": 13.779825066886799,
        "brake": 0.0,
        "id": 14991,
        "ego_matrix": [
            [
                0.9971968531608582,
                0.07482289522886276,
                -7.630755862919614e-05,
                336.95367431640625
            ],
            [
                -0.07482291758060455,
                0.9971967935562134,
                -0.0003414585371501744,
                38.51201629638672
            ],
            [
                5.054473876953125e-05,
                0.0003462109016254544,
                0.9999999403953552,
                -0.005410594865679741
            ],
            [
                0.0,
                0.0,
                0.0,
                1.0
            ]
        ]
    },
    {
        "class": "Car",
        "extent": [
            1.5470870733261108,
            3.705369472503662,
            1.7886788845062256
        ],
        "position": [
            21.45422162537645,
            7.29241486670012,
            -2.5453916686386493
        ],
        "yaw": -0.00978459947031859,
        "num_points": 14,
        "distance": 22.802235830848137,
        "speed": 13.269068143641162,
        "brake": 0.0,
        "id": 15016,
        "ego_matrix": [
            [
                0.9999985098838806,
                0.00021752457541879267,
                -0.0017313986318185925,
                383.2046813964844
            ],
            [
                -0.00021944413310848176,
                0.9999994039535522,
                -0.00110856001265347,
                45.2525634765625
            ],
            [
                0.0017311563715338707,
                0.0011089382460340858,
                0.9999979138374329,
                -0.008185252547264099
            ],
            [
                0.0,
                0.0,
                0.0,
                1.0
            ]
        ]
    },
    {
        "class": "Car",
        "extent": [
            1.4738311767578125,
            4.1928300857543945,
            1.8161858320236206
        ],
        "position": [
            -21.935330560745363,
            -0.11993092672125233,
            -2.535922716335477
        ],
        "yaw": -0.008747163458468335,
        "num_points": 11,
        "distance": 22.081757499338227,
        "speed": 6.707927066705329,
        "brake": 0.03246990591287613,
        "id": 15033,
        "ego_matrix": [
            [
                0.9999995231628418,
                -0.0008179861470125616,
                0.00045431594480760396,
                339.7462158203125
            ],
            [
                0.0008179913274943829,
                0.9999996423721313,
                -1.1346285646141041e-05,
                52.249549865722656
            ],
            [
                -0.00045430654427036643,
                1.1717907000274863e-05,
                0.9999998807907104,
                -0.005006236955523491
            ],
            [
                0.0,
                0.0,
                0.0,
                1.0
            ]
        ]
    },
    {
        "class": "Car",
        "extent": [
            1.1454535722732544,
            2.0333523750305176,
            0.8025798797607422
        ],
        "position": [
            5.958637834788278,
            3.508705611011712,
            -2.5329004688790477
        ],
        "yaw": -0.020248691001415277,
        "num_points": 77,
        "distance": 7.364235513355281,
        "speed": 12.459547251469541,
        "brake": 0.0,
        "id": 15054,
        "ego_matrix": [
            [
                0.9999425411224365,
                0.010683334432542324,
                0.0009251075680367649,
                367.6736145019531
            ],
            [
                -0.010683327913284302,
                0.99994295835495,
                -1.2014446838293225e-05,
                48.88788604736328
            ],
            [
                -0.0009251831215806305,
                2.1305279460648308e-06,
                0.9999995827674866,
                0.0018763936823233962
            ],
            [
                0.0,
                0.0,
                0.0,
                1.0
            ]
        ]
    },
    {
        "class": "Car",
        "extent": [
            1.4106584787368774,
            5.357479572296143,
            2.033203125
        ],
        "position": [
            -0.7559503957531951,
            10.53274464204786,
            -2.5429580307459267
        ],
        "yaw": -0.010056241852742736,
        "num_points": 189,
        "distance": 10.86171285946938,
        "speed": 4.752504892202478,
        "brake": 0.0,
        "id": 15060,
        "ego_matrix": [
            [
                0.9999998807907104,
                0.0004910868010483682,
                -8.332754077855498e-05,
                361.0265197753906
            ],
            [
                -0.0004910868592560291,
                0.9999998807907104,
                -4.917110913993383e-07,
                41.79994201660156
            ],
            [
                8.332728612003848e-05,
                5.326321002030454e-07,
                1.0,
                -0.007837123237550259
            ],
            [
                0.0,
                0.0,
                0.0,
                1.0
            ]
        ]
    }
]