[
    {
        "class": "Car",
        "extent": [
            1.5107464790344238,
            4.901683330535889,
            2.128324270248413
        ],
        "position": [
            -1.3,
            0.0,
            -2.5
        ],
        "yaw": 0,
        "num_points": -1,
        "distance": -1,
        "speed": 3.737757158923585,
        "brake": 0.0,
        "id": 14985,
        "ego_matrix": [
            [
                0.9999983906745911,
                0.0017518004169687629,
                0.00041126279393211007,
                362.3844909667969
            ],
            [
                -0.0017518262611702085,
                0.9999984502792358,
                6.242948438739404e-05,
                52.31959533691406
            ],
            [
                -0.0004111528105568141,
                -6.314984057098627e-05,
                0.9999999403953552,
                0.03362194076180458
            ],
            [
                0.0,
                0.0,
                0.0,
                1.0
            ]
        ]
    },
    {
        "class": "Car",
        "extent": [
            1.300939917564392,
            4.717525005340576,
            1.894826889038086
        ],
        "position": [
            -19.82697314709122,
            14.223854280459447,
            -2.5475481917621345
        ],
        "yaw": -0.03785204952789263,
        "num_points": 11,
        "distance": 24.533994712573232,
        "speed": 13.780454670132492,
        "brake": 0.0,
        "id": 14991,
        "ego_matrix": [
            [
                0.999215841293335,
                0.03959350660443306,
                -6.280611705733463e-05,
                343.8326110839844
            ],
            [
                -0.03959352523088455,
                0.9992157816886902,
                -0.0003024160105269402,
                38.12821578979492
            ],
            [
                5.0783153710654005e-05,
                0.0003046656202059239,
                0.9999999403953552,
                -0.005410594865679741
            ],
            [
                0.0,
                0.0,
                0.0,
                1.0
            ]
        ]
    },
    {
        "class": "Car",
        "extent": [
            1.5470870733261108,
            3.705369472503662,
            1.7886788845062256
        ],
        "position": [
            26.251112480935554,
            7.0199545999227375,
            -2.5309457538326776
        ],
        "yaw": 0.0015776566297629408,
        "num_points": 10,
        "distance": 27.291140604242806,
        "speed": 13.570532597871553,
        "brake": 0.0,
        "id": 15016,
        "ego_matrix": [
            [
                0.9999984502792358,
                0.00017221245798282325,
                -0.0017736668232828379,
                389.9232482910156
            ],
            [
                -0.0001741704618325457,
                0.9999994039535522,
                -0.001103837275877595,
                45.25138473510742
            ],
            [
                0.0017734755529090762,
                0.0011041443794965744,
                0.9999978542327881,
                -0.008208217099308968
            ],
            [
                0.0,
                0.0,
                0.0,
                1.0
            ]
        ]
    },
    {
        "class": "Car",
        "extent": [
            1.4738311767578125,
            4.1928300857543945,
            1.8161858320236206
        ],
        "position": [
            -20.72491568962321,
            0.10053175075999375,
            -2.546637580820904
        ],
        "yaw": 0.0028857567544630903,
        "num_points": 16,
        "distance": 20.881034455767523,
        "speed": 6.313473658440635,
        "brake": 0.0,
        "id": 15033,
        "ego_matrix": [
            [
                0.9999993443489075,
                -0.0011339269112795591,
                0.00022793887183070183,
                342.95941162109375
            ],
            [
                0.0011339291231706738,
                0.9999993443489075,
                -9.328918167739175e-06,
                52.253089904785156
            ],
            [
                -0.00022792814706917852,
                9.587379281583708e-06,
                1.0,
                -0.005022678058594465
            ],
            [
                0.0,
                0.0,
                0.0,
                1.0
            ]
        ]
    },
    {
        "class": "Car",
        "extent": [
            1.1454535722732544,
            2.0333523750305176,
            0.8025798797607422
        ],
        "position": [
            10.22220506186231,
            3.477758759980745,
            -2.527217521864993
        ],
        "yaw": -0.008760203130003946,
        "num_points": 21,
        "distance": 11.08941435433845,
        "speed": 12.45321004823088,
        "brake": 0.0,
        "id": 15054,
        "ego_matrix": [
            [
                0.9999442100524902,
                0.010511723347008228,
                0.0010136844357475638,
                373.90057373046875
            ],
            [
                -0.010511831380426884,
                0.9999447464942932,
                0.00010131020826520398,
                48.8216552734375
            ],
            [
                -0.0010125634726136923,
                -0.00011196023842785507,
                0.999999463558197,
                0.0018866552272811532
            ],
            [
                0.0,
                0.0,
                0.0,
                1.0
            ]
        ]
    },
    {
        "class": "Car",
        "extent": [
            1.4106584787368774,
            5.357479572296143,
            2.033203125
        ],
        "position": [
            -0.26296872491806167,
            10.519024966601656,
            -2.54169700339792
        ],
        "yaw": 0.0012607405250620925,
        "num_points": 201,
        "distance": 10.824937064729566,
        "speed": 4.752504892319252,
        "brake": 0.0,
        "id": 15060,
        "ego_matrix": [
            [
                0.9999998807907104,
                0.0004910868010483682,
                -8.332754077855498e-05,
                363.403076171875
            ],
            [
                -0.0004910868592560291,
                0.9999998807907104,
                -4.917110913993383e-07,
                41.79876708984375
            ],
            [
                8.332728612003848e-05,
                5.326321002030454e-07,
                1.0,
                -0.007837161421775818
            ],
            [
                0.0,
                0.0,
                0.0,
                1.0
            ]
        ]
    },
    {
        "class": "Car",
        "extent": [
            1.1454535722732544,
            2.0333523750305176,
            0.8025798797607422
        ],
        "position": [
            -50.816762317325576,
            3.4609685710130274,
            -2.5523110902291597
        ],
        "yaw": -3.781688747912532e-05,
        "num_points": 0,
        "distance": 50.99839142332244,
        "speed": 12.455947638997722,
        "brake": 0.0,
        "id": 15071,
        "ego_matrix": [
            [
                0.9999978542327881,
                0.0017898475052788854,
                0.0010328313801437616,
                312.8617248535156
            ],
            [
                -0.0017896423814818263,
                0.9999983906745911,
                -0.00019945527310483158,
                48.94537353515625
            ],
            [
                -0.0010331866797059774,
                0.00019760645227506757,
                0.999999463558197,
                0.001888370723463595
            ],
            [
                0.0,
                0.0,
                0.0,
                1.0
            ]
        ]
    },
    {
        "class": "Car",
        "extent": [
            1.6672759056091309,
            4.611005783081055,
            2.241713285446167
        ],
        "position": [
            -46.124176692074805,
            7.004275497289779,
            -2.478025177339506
        ],
        "yaw": -0.0008229167768344843,
        "num_points": 2,
        "distance": 46.71873456701497,
        "speed": 13.846622514442878,
        "brake": 0.0,
        "id": 15144,
        "ego_matrix": [
            [
                0.9999966621398926,
                0.002574741607531905,
                -3.550315886968747e-05,
                317.5481262207031
            ],
            [
                -0.0025747413747012615,
                0.9999966621398926,
                8.280385372927412e-06,
                45.393856048583984
            ],
            [
                3.5524364648154005e-05,
                -8.188946594600566e-06,
                1.0,
                0.07446866482496262
            ],
            [
                0.0,
                0.0,
                0.0,
                1.0
            ]
        ]
    }
]