[
    {
        "class": "Car",
        "extent": [
            1.5107464790344238,
            4.901683330535889,
            2.128324270248413
        ],
        "position": [
            -1.3,
            0.0,
            -2.5
        ],
        "yaw": 0,
        "num_points": -1,
        "distance": -1,
        "speed": 4.1546462927721866,
        "brake": 0.0,
        "id": 14985,
        "ego_matrix": [
            [
                0.9999751448631287,
                0.007021635305136442,
                -0.0005499747348949313,
                364.3113098144531
            ],
            [
                -0.007021630648523569,
                0.999975323677063,
                1.0036050298367627e-05,
                52.30332946777344
            ],
            [
                0.0005500316619873047,
                -6.174081590870628e-06,
                0.9999998211860657,
                0.033143576234579086
            ],
            [
                0.0,
                0.0,
                0.0,
                1.0
            ]
        ]
    },
    {
        "class": "Car",
        "extent": [
            1.300939917564392,
            4.717525005340576,
            1.894826889038086
        ],
        "position": [
            -14.789546012141276,
            14.45144323043407,
            -2.531223950208572
        ],
        "yaw": -0.0086158561578811,
        "num_points": 20,
        "distance": 20.832234094638338,
        "speed": 13.781990137934901,
        "brake": 0.0,
        "id": 14991,
        "ego_matrix": [
            [
                0.9998777508735657,
                0.015636898577213287,
                -5.395851985667832e-05,
                350.72064208984375
            ],
            [
                -0.015636909753084183,
                0.9998777508735657,
                -0.00020264650811441243,
                37.94696044921875
            ],
            [
                5.0783153710654005e-05,
                0.00020346547535154969,
                1.0,
                -0.005410823505371809
            ],
            [
                0.0,
                0.0,
                0.0,
                1.0
            ]
        ]
    },
    {
        "class": "Car",
        "extent": [
            1.5470870733261108,
            3.705369472503662,
            1.7886788845062256
        ],
        "position": [
            31.197210477547376,
            6.824874832450478,
            -2.5590958567199684
        ],
        "yaw": 0.006885868810614873,
        "num_points": 12,
        "distance": 32.03738175417725,
        "speed": 13.75564888542587,
        "brake": 0.0,
        "id": 15016,
        "ego_matrix": [
            [
                0.9999989867210388,
                0.00013423732889350504,
                -0.0014331635320559144,
                396.75982666015625
            ],
            [
                -0.00013582107203546911,
                0.9999994039535522,
                -0.0011050166795030236,
                45.25043869018555
            ],
            [
                0.0014330142876133323,
                0.0011052101617679,
                0.9999983906745911,
                -0.008035640232264996
            ],
            [
                0.0,
                0.0,
                0.0,
                1.0
            ]
        ]
    },
    {
        "class": "Car",
        "extent": [
            1.4738311767578125,
            4.1928300857543945,
            1.8161858320236206
        ],
        "position": [
            -19.573840568067236,
            0.17437102458626685,
            -2.5281254892304683
        ],
        "yaw": 0.008404105982969702,
        "num_points": 12,
        "distance": 19.737199860355744,
        "speed": 6.093818118548652,
        "brake": 0.0,
        "id": 15033,
        "ego_matrix": [
            [
                0.9999990463256836,
                -0.0013824148336425424,
                9.966917423298582e-05,
                346.0367126464844
            ],
            [
                0.0013824155321344733,
                0.9999990463256836,
                -7.3190726652683225e-06,
                52.25727462768555
            ],
            [
                -9.965895878849551e-05,
                7.4568501986505e-06,
                1.0,
                -0.005032024346292019
            ],
            [
                0.0,
                0.0,
                0.0,
                1.0
            ]
        ]
    },
    {
        "class": "Car",
        "extent": [
            1.1454535722732544,
            2.0333523750305176,
            0.8025798797607422
        ],
        "position": [
            14.5404339804798,
            3.434444125063802,
            -2.539988563352821
        ],
        "yaw": -0.002890595567320655,
        "num_points": 14,
        "distance": 15.154905763179132,
        "speed": 12.454944321678427,
        "brake": 0.0,
        "id": 15054,
        "ego_matrix": [
            [
                0.9999503493309021,
                0.009911789558827877,
                0.001033839420415461,
                380.12725830078125
            ],
            [
                -0.009912118315696716,
                0.9999508261680603,
                0.00031331341597251594,
                48.75774383544922
            ],
            [
                -0.0010306831682100892,
                -0.0003235453914385289,
                0.9999994039535522,
                0.0018889630446210504
            ],
            [
                0.0,
                0.0,
                0.0,
                1.0
            ]
        ]
    },
    {
        "class": "Car",
        "extent": [
            1.4106584787368774,
            5.357479572296143,
            2.033203125
        ],
        "position": [
            0.24203109809852363,
            10.495163967211363,
            -2.5418937068154746
        ],
        "yaw": 0.006530603169962239,
        "num_points": 192,
        "distance": 10.801308687739956,
        "speed": 4.752504892853703,
        "brake": 0.0,
        "id": 15060,
        "ego_matrix": [
            [
                0.9999998807907104,
                0.0004910868010483682,
                -8.332754077855498e-05,
                365.7796325683594
            ],
            [
                -0.0004910868592560291,
                0.9999998807907104,
                -4.917110913993383e-07,
                41.7975959777832
            ],
            [
                8.332728612003848e-05,
                5.326321002030454e-07,
                1.0,
                -0.007837161421775818
            ],
            [
                0.0,
                0.0,
                0.0,
                1.0
            ]
        ]
    },
    {
        "class": "Car",
        "extent": [
            1.1454535722732544,
            2.0333523750305176,
            0.8025798797607422
        ],
        "position": [
            -46.49690847326131,
            3.6876631547605343,
            -2.5064182422856147
        ],
        "yaw": 0.004876247435786435,
        "num_points": 1,
        "distance": 46.710207551659195,
        "speed": 12.455947752239426,
        "brake": 0.0,
        "id": 15071,
        "ego_matrix": [
            [
                0.9999971389770508,
                0.002145597944036126,
                0.0010328585049137473,
                319.0896301269531
            ],
            [
                -0.002145439852029085,
                0.9999976754188538,
                -0.00015401645214296877,
                48.93311309814453
            ],
            [
                -0.0010331866797059774,
                0.00015180007903836668,
                0.999999463558197,
                0.001888370723463595
            ],
            [
                0.0,
                0.0,
                0.0,
                1.0
            ]
        ]
    },
    {
        "class": "Car",
        "extent": [
            1.6672759056091309,
            4.611005783081055,
            2.241713285446167
        ],
        "position": [
            -41.1141128346507,
            7.207361906413953,
            -2.436944356338611
        ],
        "yaw": 0.004379834208595664,
        "num_points": 1,
        "distance": 41.81213983553469,
        "speed": 13.811368511845163,
        "brake": 0.0,
        "id": 15144,
        "ego_matrix": [
            [
                0.9999964237213135,
                0.0026418541092425585,
                -0.0003100512258242816,
                324.4475402832031
            ],
            [
                -0.002641852479428053,
                0.9999964833259583,
                4.991492460248992e-06,
                45.37570571899414
            ],
            [
                0.0003100633330177516,
                -4.172364697296871e-06,
                0.9999999403953552,
                0.0743446871638298
            ],
            [
                0.0,
                0.0,
                0.0,
                1.0
            ]
        ]
    },
    {
        "class": "Car",
        "extent": [
            1.385296106338501,
            4.181210041046143,
            1.9941171407699585
        ],
        "position": [
            -46.829096302216826,
            0.24266795376617933,
            -2.518613971575862
        ],
        "yaw": 0.004372910249835784,
        "num_points": 0,
        "distance": 46.897404667592205,
        "speed": 11.863599493038274,
        "brake": 0.36467814445495605,
        "id": 15162,
        "ego_matrix": [
            [
                0.9999953508377075,
                0.002648770110681653,
                0.0015229040291160345,
                318.7816467285156
            ],
            [
                -0.002648773603141308,
                0.9999964833259583,
                2.4752398530836217e-07,
                52.38035583496094
            ],
            [
                -0.0015228980919346213,
                -4.2813508116523735e-06,
                0.9999988675117493,
                -0.010511340573430061
            ],
            [
                0.0,
                0.0,
                0.0,
                1.0
            ]
        ]
    }
]