[
    {
        "class": "Car",
        "extent": [
            1.5107464790344238,
            4.901683330535889,
            2.128324270248413
        ],
        "position": [
            -1.3,
            0.0,
            -2.5
        ],
        "yaw": 0,
        "num_points": -1,
        "distance": -1,
        "speed": 3.7402708221591046,
        "brake": 0.0,
        "id": 14985,
        "ego_matrix": [
            [
                0.9999791979789734,
                0.006451208610087633,
                0.00023868663993198425,
                366.2465515136719
            ],
            [
                -0.006451196502894163,
                0.9999791979789734,
                -5.1608323701657355e-05,
                52.29027557373047
            ],
            [
                -0.00023901461099740118,
                5.006743231206201e-05,
                1.0,
                0.03353618457913399
            ],
            [
                0.0,
                0.0,
                0.0,
                1.0
            ]
        ]
    },
    {
        "class": "Car",
        "extent": [
            1.300939917564392,
            4.717525005340576,
            1.894826889038086
        ],
        "position": [
            -9.841610841129675,
            14.45185278654719,
            -2.540265012968633
        ],
        "yaw": 0.004934837759991154,
        "num_points": 37,
        "distance": 17.668228526040338,
        "speed": 13.783554624257727,
        "brake": 0.0,
        "id": 14991,
        "ego_matrix": [
            [
                0.9999988675117493,
                0.0015163968782871962,
                -5.0968861614819616e-05,
                357.61187744140625
            ],
            [
                -0.001516403048299253,
                0.9999988675117493,
                -0.00012242824595887214,
                37.893829345703125
            ],
            [
                5.0783153710654005e-05,
                0.00012250540021341294,
                1.0,
                -0.005410823505371809
            ],
            [
                0.0,
                0.0,
                0.0,
                1.0
            ]
        ]
    },
    {
        "class": "Car",
        "extent": [
            1.5470870733261108,
            3.705369472503662,
            1.7886788845062256
        ],
        "position": [
            36.15087106022927,
            6.799075249342668,
            -2.531827839496986
        ],
        "yaw": 0.006357498170491803,
        "num_points": 7,
        "distance": 36.871710766770754,
        "speed": 13.742765383316094,
        "brake": 0.0,
        "id": 15016,
        "ego_matrix": [
            [
                0.9999998807907104,
                9.31458271224983e-05,
                -0.0005390486912801862,
                403.65277099609375
            ],
            [
                -9.374324145028368e-05,
                0.9999994039535522,
                -0.0011083566350862384,
                45.24974060058594
            ],
            [
                0.0005389451398514211,
                0.0011084070429205894,
                0.9999992847442627,
                -0.007583369966596365
            ],
            [
                0.0,
                0.0,
                0.0,
                1.0
            ]
        ]
    },
    {
        "class": "Car",
        "extent": [
            1.4738311767578125,
            4.1928300857543945,
            1.8161858320236206
        ],
        "position": [
            -18.465039652895683,
            0.13901848504040815,
            -2.5426619242384496
        ],
        "yaw": 0.008008951393925115,
        "num_points": 10,
        "distance": 18.63980003066462,
        "speed": 6.010808685691656,
        "brake": 0.0,
        "id": 15033,
        "ego_matrix": [
            [
                0.9999988079071045,
                -0.001557708834297955,
                0.00012839569535572082,
                349.0809631347656
            ],
            [
                0.0015577094163745642,
                0.9999988079071045,
                -4.593692665366689e-06,
                52.26199722290039
            ],
            [
                -0.00012838839029427618,
                4.793690550286556e-06,
                1.0,
                -0.005030002444982529
            ],
            [
                0.0,
                0.0,
                0.0,
                1.0
            ]
        ]
    },
    {
        "class": "Car",
        "extent": [
            1.1454535722732544,
            2.0333523750305176,
            0.8025798797607422
        ],
        "position": [
            18.830818731664618,
            3.4612776579629174,
            -2.5266626143567374
        ],
        "yaw": -0.0023228101430644134,
        "num_points": 1,
        "distance": 19.31228109512474,
        "speed": 12.455957396016428,
        "brake": 0.0,
        "id": 15054,
        "ego_matrix": [
            [
                0.9999609589576721,
                0.008773352950811386,
                0.0010319341672584414,
                386.3546142578125
            ],
            [
                -0.008773934096097946,
                0.9999613165855408,
                0.0005592632223851979,
                48.69920349121094
            ],
            [
                -0.0010269877966493368,
                -0.0005682955379597843,
                0.9999992847442627,
                0.001888715079985559
            ],
            [
                0.0,
                0.0,
                0.0,
                1.0
            ]
        ]
    },
    {
        "class": "Car",
        "extent": [
            1.4106584787368774,
            5.357479572296143,
            2.033203125
        ],
        "position": [
            0.6773055086770561,
            10.481315016594788,
            -2.5403759710099854
        ],
        "yaw": 0.005960154584615917,
        "num_points": 201,
        "distance": 10.806026897211789,
        "speed": 4.752504892493453,
        "brake": 0.0,
        "id": 15060,
        "ego_matrix": [
            [
                0.9999998807907104,
                0.0004910868010483682,
                -8.332754077855498e-05,
                368.15618896484375
            ],
            [
                -0.0004910868592560291,
                0.9999998807907104,
                -4.917110913993383e-07,
                41.796424865722656
            ],
            [
                8.332728612003848e-05,
                5.326321002030454e-07,
                1.0,
                -0.007837161421775818
            ],
            [
                0.0,
                0.0,
                0.0,
                1.0
            ]
        ]
    },
    {
        "class": "Car",
        "extent": [
            1.1454535722732544,
            2.0333523750305176,
            0.8025798797607422
        ],
        "position": [
            -42.20637743797481,
            3.6353145834031544,
            -2.5412430266092962
        ],
        "yaw": 0.00404693959248441,
        "num_points": 0,
        "distance": 42.438799755381666,
        "speed": 12.455946496623108,
        "brake": 0.0,
        "id": 15071,
        "ego_matrix": [
            [
                0.9999966025352478,
                0.0024044124875217676,
                0.001032921252772212,
                325.31756591796875
            ],
            [
                -0.0024042981676757336,
                0.9999971389770508,
                -0.00011167337652295828,
                48.9189338684082
            ],
            [
                -0.0010331866797059774,
                0.0001091895392164588,
                0.999999463558197,
                0.001888370723463595
            ],
            [
                0.0,
                0.0,
                0.0,
                1.0
            ]
        ]
    },
    {
        "class": "Car",
        "extent": [
            1.6672759056091309,
            4.611005783081055,
            2.241713285446167
        ],
        "position": [
            -36.12775714616899,
            7.157902972470645,
            -2.4671936175100884
        ],
        "yaw": 0.003790210863400772,
        "num_points": 12,
        "distance": 36.912565011417875,
        "speed": 13.884374691693177,
        "brake": 0.0,
        "id": 15144,
        "ego_matrix": [
            [
                0.9999964237213135,
                0.002661028178408742,
                -0.0003894512774422765,
                331.37335205078125
            ],
            [
                -0.0026610272470861673,
                0.9999964833259583,
                2.5729268600116484e-06,
                45.357200622558594
            ],
            [
                0.0003894567198585719,
                -1.5365773151643225e-06,
                0.9999999403953552,
                0.07430852949619293
            ],
            [
                0.0,
                0.0,
                0.0,
                1.0
            ]
        ]
    },
    {
        "class": "Car",
        "extent": [
            1.385296106338501,
            4.181210041046143,
            1.9941171407699585
        ],
        "position": [
            -43.36197948332546,
            0.19585265374247288,
            -2.554212418833745
        ],
        "yaw": 0.003736414489232521,
        "num_points": 0,
        "distance": 43.43758308256619,
        "speed": 9.750057598760344,
        "brake": 0.17673322558403015,
        "id": 15162,
        "ego_matrix": [
            [
                0.9999955296516418,
                0.0027148195076733828,
                0.0012325092684477568,
                324.1841735839844
            ],
            [
                -0.0027148216031491756,
                0.9999963045120239,
                9.55060386331752e-08,
                52.365779876708984
            ],
            [
                -0.0012325044954195619,
                -3.4415484151395503e-06,
                0.9999992251396179,
                -0.010632609948515892
            ],
            [
                0.0,
                0.0,
                0.0,
                1.0
            ]
        ]
    }
]