[
    {
        "class": "Car",
        "extent": [
            1.5107464790344238,
            4.901683330535889,
            2.128324270248413
        ],
        "position": [
            -1.3,
            0.0,
            -2.5
        ],
        "yaw": 0,
        "num_points": -1,
        "distance": -1,
        "speed": 3.9113356854073085,
        "brake": 0.0,
        "id": 14985,
        "ego_matrix": [
            [
                0.9999954104423523,
                0.003036538837477565,
                0.00010994185140589252,
                368.2496643066406
            ],
            [
                -0.003036531386896968,
                0.9999954104423523,
                -6.851107173133641e-05,
                52.2849006652832
            ],
            [
                -0.00011014937626896426,
                6.817691610194743e-05,
                1.0,
                0.03347228839993477
            ],
            [
                0.0,
                0.0,
                0.0,
                1.0
            ]
        ]
    },
    {
        "class": "Car",
        "extent": [
            1.300939917564392,
            4.717525005340576,
            1.894826889038086
        ],
        "position": [
            -5.002338726299354,
            14.383629837326977,
            -2.538310291394452
        ],
        "yaw": 0.008989386086933705,
        "num_points": 69,
        "distance": 15.438757047290954,
        "speed": 13.784803318178117,
        "brake": 0.0,
        "id": 14991,
        "ego_matrix": [
            [
                0.9999822974205017,
                -0.005952817853540182,
                -5.037324081058614e-05,
                364.503662109375
            ],
            [
                0.005952814593911171,
                0.9999822974205017,
                -6.901063170516863e-05,
                37.91258239746094
            ],
            [
                5.0783153710654005e-05,
                6.870954530313611e-05,
                1.0,
                -0.005410823505371809
            ],
            [
                0.0,
                0.0,
                0.0,
                1.0
            ]
        ]
    },
    {
        "class": "Car",
        "extent": [
            1.5470870733261108,
            3.705369472503662,
            1.7886788845062256
        ],
        "position": [
            40.932420335231676,
            7.219944231040705,
            -2.5361441331343086
        ],
        "yaw": -0.0647776819954825,
        "num_points": 0,
        "distance": 41.641597667037914,
        "speed": 13.650217180276824,
        "brake": 0.0,
        "id": 15016,
        "ego_matrix": [
            [
                0.9977010488510132,
                0.06776575744152069,
                -0.0007236561505123973,
                410.4599609375
            ],
            [
                -0.06776221841573715,
                0.9976929426193237,
                0.00412612222135067,
                44.93675231933594
            ],
            [
                0.0010015963343903422,
                -0.004067599773406982,
                0.999991238117218,
                -0.0078159524127841
            ],
            [
                0.0,
                0.0,
                0.0,
                1.0
            ]
        ]
    },
    {
        "class": "Car",
        "extent": [
            1.4738311767578125,
            4.1928300857543945,
            1.8161858320236206
        ],
        "position": [
            -17.488007888765516,
            0.06708753875581007,
            -2.5402877215081676
        ],
        "yaw": 0.004708997538363231,
        "num_points": 19,
        "distance": 17.671671747840563,
        "speed": 5.935320973089239,
        "brake": 0.0,
        "id": 15033,
        "ego_matrix": [
            [
                0.9999986290931702,
                -0.001672460581175983,
                3.2430223654955626e-05,
                352.0615234375
            ],
            [
                0.0016724606975913048,
                0.9999986290931702,
                -3.141559773212066e-06,
                52.266971588134766
            ],
            [
                -3.242492311983369e-05,
                3.1957933970261365e-06,
                1.0,
                -0.005036907270550728
            ],
            [
                0.0,
                0.0,
                0.0,
                1.0
            ]
        ]
    },
    {
        "class": "Car",
        "extent": [
            1.1454535722732544,
            2.0333523750305176,
            0.8025798797607422
        ],
        "position": [
            23.0432067539616,
            3.561681538571907,
            -2.5286597607661463
        ],
        "yaw": -0.0041161815207521445,
        "num_points": 0,
        "distance": 23.453551395763995,
        "speed": 12.456044804567572,
        "brake": 0.0,
        "id": 15054,
        "ego_matrix": [
            [
                0.9999738931655884,
                0.0071518621407449245,
                0.0010297524277120829,
                392.5819396972656
            ],
            [
                -0.007152652833610773,
                0.9999741315841675,
                0.0007662233547307551,
                48.64931869506836
            ],
            [
                -0.001024245866574347,
                -0.0007735688122920692,
                0.9999991655349731,
                0.0018883146112784743
            ],
            [
                0.0,
                0.0,
                0.0,
                1.0
            ]
        ]
    },
    {
        "class": "Car",
        "extent": [
            1.4106584787368774,
            5.357479572296143,
            2.033203125
        ],
        "position": [
            1.014957786083978,
            10.4826688281707,
            -2.5403397451722656
        ],
        "yaw": 0.002545449174841992,
        "num_points": 205,
        "distance": 10.833734863357884,
        "speed": 4.752504891469922,
        "brake": 0.0,
        "id": 15060,
        "ego_matrix": [
            [
                0.9999998807907104,
                0.0004910868010483682,
                -8.332754077855498e-05,
                370.53277587890625
            ],
            [
                -0.0004910868592560291,
                0.9999998807907104,
                -4.917110913993383e-07,
                41.79525375366211
            ],
            [
                8.332728612003848e-05,
                5.326321002030454e-07,
                1.0,
                -0.007837123237550259
            ],
            [
                0.0,
                0.0,
                0.0,
                1.0
            ]
        ]
    },
    {
        "class": "Car",
        "extent": [
            1.1454535722732544,
            2.0333523750305176,
            0.8025798797607422
        ],
        "position": [
            -37.99332592768321,
            3.4929316590282378,
            -2.535387527966605
        ],
        "yaw": 0.00045486765411120907,
        "num_points": 0,
        "distance": 38.237698368740446,
        "speed": 12.45594626771911,
        "brake": 0.0,
        "id": 15071,
        "ego_matrix": [
            [
                0.9999961256980896,
                0.0025817393325269222,
                0.0010329989017918706,
                331.5458984375
            ],
            [
                -0.002581664128229022,
                0.9999966621398926,
                -7.403980998788029e-05,
                48.90340805053711
            ],
            [
                -0.0010331866797059774,
                7.137266948120669e-05,
                0.999999463558197,
                0.001888370723463595
            ],
            [
                0.0,
                0.0,
                0.0,
                1.0
            ]
        ]
    },
    {
        "class": "Car",
        "extent": [
            1.6672759056091309,
            4.611005783081055,
            2.241713285446167
        ],
        "position": [
            -31.161769909500908,
            7.0371211822773745,
            -2.4623119552779333
        ],
        "yaw": 0.00037497282140883147,
        "num_points": 12,
        "distance": 32.04122280113288,
        "speed": 14.16971644596609,
        "brake": 0.0,
        "id": 15144,
        "ego_matrix": [
            [
                0.9999958276748657,
                0.0026615611277520657,
                -0.0011393961030989885,
                338.3666687011719
            ],
            [
                -0.0026615585666149855,
                0.9999964833259583,
                3.787537025345955e-06,
                45.33848571777344
            ],
            [
                0.0011394020402804017,
                -7.549522251792951e-07,
                0.9999993443489075,
                0.07396981865167618
            ],
            [
                0.0,
                0.0,
                0.0,
                1.0
            ]
        ]
    },
    {
        "class": "Car",
        "extent": [
            1.385296106338501,
            4.181210041046143,
            1.9941171407699585
        ],
        "position": [
            -40.88879721017501,
            0.051666082557715064,
            -2.5486986074928177
        ],
        "yaw": 0.00027590348893220904,
        "num_points": 0,
        "distance": 40.96818608714252,
        "speed": 8.402130130385652,
        "brake": 0.0,
        "id": 15162,
        "ego_matrix": [
            [
                0.9999959468841553,
                0.0027606268413364887,
                0.0006705578416585922,
                328.660888671875
            ],
            [
                -0.0027606282383203506,
                0.9999961853027344,
                1.1167406910317368e-06,
                52.353450775146484
            ],
            [
                -0.0006705521955154836,
                -2.967897216876736e-06,
                0.9999997615814209,
                -0.010869159363210201
            ],
            [
                0.0,
                0.0,
                0.0,
                1.0
            ]
        ]
    }
]