[
    {
        "class": "Car",
        "extent": [
            1.5107464790344238,
            4.901683330535889,
            2.128324270248413
        ],
        "position": [
            -1.3,
            0.0,
            -2.5
        ],
        "yaw": 0,
        "num_points": -1,
        "distance": -1,
        "speed": 4.059226314673107,
        "brake": 0.0,
        "id": 14985,
        "ego_matrix": [
            [
                0.9999998211860657,
                -0.00029715904383920133,
                -0.0004449957050383091,
                370.1463623046875
            ],
            [
                0.0002971403009723872,
                0.9999999403953552,
                -4.2210169340251014e-05,
                52.2867431640625
            ],
            [
                0.00044500824878923595,
                4.207793972454965e-05,
                0.9999998807907104,
                0.03319576010107994
            ],
            [
                0.0,
                0.0,
                0.0,
                1.0
            ]
        ]
    },
    {
        "class": "Car",
        "extent": [
            1.300939917564392,
            4.717525005340576,
            1.894826889038086
        ],
        "position": [
            -0.05442485023710808,
            14.319731000132329,
            -2.538558371357875
        ],
        "yaw": 0.009120124962573918,
        "num_points": 0,
        "distance": 14.543106153269504,
        "speed": 13.785711998825056,
        "brake": 0.0,
        "id": 14991,
        "ego_matrix": [
            [
                0.9999556541442871,
                -0.009417128749191761,
                -5.043982309871353e-05,
                371.3962097167969
            ],
            [
                0.009417126886546612,
                0.9999556541442871,
                -3.669561192509718e-05,
                37.967384338378906
            ],
            [
                5.0783153710654005e-05,
                3.621898576966487e-05,
                1.0,
                -0.005410861689597368
            ],
            [
                0.0,
                0.0,
                0.0,
                1.0
            ]
        ]
    },
    {
        "class": "Car",
        "extent": [
            1.5470870733261108,
            3.705369472503662,
            1.7886788845062256
        ],
        "position": [
            45.86418776806066,
            7.9240475999943,
            -2.56189135162522
        ],
        "yaw": -0.09273392214224119,
        "num_points": 0,
        "distance": 46.61413452257193,
        "speed": 13.836253543190063,
        "brake": 0.0,
        "id": 15016,
        "ego_matrix": [
            [
                0.9957297444343567,
                0.09230736643075943,
                -0.00129006861243397,
                417.31292724609375
            ],
            [
                -0.09230510145425797,
                0.9957292675971985,
                0.0017167526530101895,
                44.376712799072266
            ],
            [
                0.001443027867935598,
                -0.0015903417952358723,
                0.9999977350234985,
                -0.008040561340749264
            ],
            [
                0.0,
                0.0,
                0.0,
                1.0
            ]
        ]
    },
    {
        "class": "Car",
        "extent": [
            1.6355280876159668,
            5.0267767906188965,
            2.1515462398529053
        ],
        "position": [
            -47.4493711417109,
            10.489406775398928,
            -2.382893850810904
        ],
        "yaw": -0.05896126532142909,
        "num_points": 0,
        "distance": 48.653351984707534,
        "speed": 13.748837510238744,
        "brake": 0.0,
        "id": 15029,
        "ego_matrix": [
            [
                0.9982539415359497,
                0.05861646309494972,
                -0.00729270139709115,
                324.00006103515625
            ],
            [
                -0.05862896516919136,
                0.9982787370681763,
                -0.0015127424849197268,
                41.78361892700195
            ],
            [
                0.007191476412117481,
                0.0019376645796000957,
                0.9999722838401794,
                0.12932367622852325
            ],
            [
                0.0,
                0.0,
                0.0,
                1.0
            ]
        ]
    },
    {
        "class": "Car",
        "extent": [
            1.4738311767578125,
            4.1928300857543945,
            1.8161858320236206
        ],
        "position": [
            -16.473114359993776,
            0.010152666871485808,
            -2.531480386605938
        ],
        "yaw": 0.0014420215298578732,
        "num_points": 26,
        "distance": 16.666493114685174,
        "speed": 5.79320235756212,
        "brake": 0.0,
        "id": 15033,
        "ego_matrix": [
            [
                0.9999985098838806,
                -0.001739160856232047,
                2.82571891148109e-05,
                354.9732666015625
            ],
            [
                0.001739160972647369,
                0.9999985098838806,
                -2.6140210138692055e-06,
                52.2720832824707
            ],
            [
                -2.8252599804545753e-05,
                2.6631607852323214e-06,
                1.0,
                -0.005037212278693914
            ],
            [
                0.0,
                0.0,
                0.0,
                1.0
            ]
        ]
    },
    {
        "class": "Car",
        "extent": [
            1.1454535722732544,
            2.0333523750305176,
            0.8025798797607422
        ],
        "position": [
            27.361821951515616,
            3.684696526624562,
            -2.543907285425399
        ],
        "yaw": -0.005530785039968393,
        "num_points": 6,
        "distance": 27.72575974209907,
        "speed": 12.455973366985969,
        "brake": 0.0,
        "id": 15054,
        "ego_matrix": [
            [
                0.9999857544898987,
                0.005232710856944323,
                0.001028868486173451,
                398.8092956542969
            ],
            [
                -0.005233617965131998,
                0.9999858736991882,
                0.0008806691039353609,
                48.610565185546875
            ],
            [
                -0.001024245866574347,
                -0.0008860413217917085,
                0.9999990463256836,
                0.0018881810829043388
            ],
            [
                0.0,
                0.0,
                0.0,
                1.0
            ]
        ]
    },
    {
        "class": "Car",
        "extent": [
            1.4106584787368774,
            5.357479572296143,
            2.033203125
        ],
        "position": [
            1.4598334243513993,
            10.493482665145084,
            -2.54181952942398
        ],
        "yaw": -0.0007882271855880541,
        "num_points": 184,
        "distance": 10.895188781784144,
        "speed": 4.752504887158226,
        "brake": 0.0,
        "id": 15060,
        "ego_matrix": [
            [
                0.9999998807907104,
                0.0004910868010483682,
                -8.332754077855498e-05,
                372.9093322753906
            ],
            [
                -0.0004910868592560291,
                0.9999998807907104,
                -4.917110913993383e-07,
                41.79408264160156
            ],
            [
                8.332728612003848e-05,
                5.326321002030454e-07,
                1.0,
                -0.007837161421775818
            ],
            [
                0.0,
                0.0,
                0.0,
                1.0
            ]
        ]
    },
    {
        "class": "Car",
        "extent": [
            1.1454535722732544,
            2.0333523750305176,
            0.8025798797607422
        ],
        "position": [
            -33.67296658949472,
            3.390135068080721,
            -2.5167585416078664
        ],
        "yaw": -0.002988531203304427,
        "num_points": 1,
        "distance": 33.93664344442177,
        "speed": 12.455940352605534,
        "brake": 0.0,
        "id": 15071,
        "ego_matrix": [
            [
                0.9999958276748657,
                0.00269143283367157,
                0.0010330653749406338,
                337.7744140625
            ],
            [
                -0.002691386267542839,
                0.9999963641166687,
                -4.64563854620792e-05,
                48.88698959350586
            ],
            [
                -0.0010331866797059774,
                4.367581641417928e-05,
                0.999999463558197,
                0.0018883326556533575
            ],
            [
                0.0,
                0.0,
                0.0,
                1.0
            ]
        ]
    },
    {
        "class": "Car",
        "extent": [
            1.6672759056091309,
            4.611005783081055,
            2.241713285446167
        ],
        "position": [
            -25.88954154727265,
            6.960194054196174,
            -2.4476901847960284
        ],
        "yaw": -0.0029544424812770875,
        "num_points": 10,
        "distance": 26.92032410727574,
        "speed": 14.440632203070578,
        "brake": 0.0,
        "id": 15144,
        "ego_matrix": [
            [
                0.9999963641166687,
                0.0026572991628199816,
                -0.00047230542986653745,
                345.5588684082031
            ],
            [
                -0.002657298929989338,
                0.9999964833259583,
                1.2811866554329754e-06,
                45.31924057006836
            ],
            [
                0.0004723071469925344,
                -2.6125347218908246e-08,
                0.9999998807907104,
                0.07427015155553818
            ],
            [
                0.0,
                0.0,
                0.0,
                1.0
            ]
        ]
    },
    {
        "class": "Car",
        "extent": [
            1.385296106338501,
            4.181210041046143,
            1.9941171407699585
        ],
        "position": [
            -38.77121839393207,
            -0.06666741186920219,
            -2.5275336783684565
        ],
        "yaw": -0.0030780134159310896,
        "num_points": 0,
        "distance": 38.85357444031461,
        "speed": 7.7354470262079715,
        "brake": 0.0,
        "id": 15162,
        "ego_matrix": [
            [
                0.9999960660934448,
                0.002780868671834469,
                0.00033617595909163356,
                332.6751403808594
            ],
            [
                -0.0027808693703264,
                0.9999961256980896,
                1.6114329355332302e-06,
                52.34227752685547
            ],
            [
                -0.0003361701965332031,
                -2.5462879875703948e-06,
                0.9999999403953552,
                -0.01101011224091053
            ],
            [
                0.0,
                0.0,
                0.0,
                1.0
            ]
        ]
    }
]